 1 2 3 4 5 1 2 3 4 5 1 2 3 4 5 1 2 3 4 5 -82.944447015627944 
 1 2 3 4 5 1 2 3 4 6 1 2 3 4 5 1 2 3 4 6 -82.622588370142637 
 1 2 3 4 5 1 2 3 4 7 1 2 3 4 5 1 2 3 4 7 -82.553416636723441 
 1 2 3 4 5 1 2 3 5 6 1 2 3 4 5 1 2 3 5 6 -82.478549001261314 
 1 2 3 4 5 1 2 3 5 7 1 2 3 4 5 1 2 3 5 7 -82.429201231760501 
 1 2 3 4 5 1 2 3 6 7 1 2 3 4 5 1 2 3 6 7 -82.058228025162052 
 1 2 3 4 5 1 2 4 5 6 1 2 3 4 5 1 2 4 5 6 -82.393682453332403 
 1 2 3 4 5 1 2 4 5 7 1 2 3 4 5 1 2 4 5 7 -82.232231266987753 
 1 2 3 4 5 1 2 4 6 7 1 2 3 4 5 1 2 4 6 7 -81.956259189956725 
 1 2 3 4 5 1 2 5 6 7 1 2 3 4 5 1 2 5 6 7 -81.800976563811801 
 1 2 3 4 5 1 3 4 5 6 1 2 3 4 5 1 3 4 5 6 -81.756114965192964 
 1 2 3 4 5 1 3 4 5 7 1 2 3 4 5 1 3 4 5 7 -81.687790093522892 
 1 2 3 4 5 1 3 4 6 7 1 2 3 4 5 1 3 4 6 7 -81.408181316522203 
 1 2 3 4 5 1 3 5 6 7 1 2 3 4 5 1 3 5 6 7 -81.260445885904915 
 1 2 3 4 5 1 4 5 6 7 1 2 3 4 5 1 4 5 6 7 -81.137365837606566 
 1 2 3 4 5 2 3 4 5 6 1 2 3 4 5 2 3 4 5 6 -62.959746666510732 
 1 2 3 4 5 2 3 4 5 7 1 2 3 4 5 2 3 4 5 7 -62.913591315733434 
 1 2 3 4 5 2 3 4 6 7 1 2 3 4 5 2 3 4 6 7 -62.405360582205809 
 1 2 3 4 5 2 3 5 6 7 1 2 3 4 5 2 3 5 6 7 -62.360806356540188 
 1 2 3 4 5 2 4 5 6 7 1 2 3 4 5 2 4 5 6 7 -62.352584138658237 
 1 2 3 4 6 1 2 3 4 5 1 2 3 4 6 1 2 3 4 5 -82.622588370142623 
 1 2 3 4 6 1 2 3 4 6 1 2 3 4 6 1 2 3 4 6 -81.994653669207352 
 1 2 3 4 6 1 2 3 4 7 1 2 3 4 6 1 2 3 4 7 -81.988949938620692 
 1 2 3 4 6 1 2 3 5 6 1 2 3 4 6 1 2 3 5 6 -82.003234136996085 
 1 2 3 4 6 1 2 3 5 7 1 2 3 4 6 1 2 3 5 7 -82.017354370327809 
 1 2 3 4 6 1 2 3 6 7 1 2 3 4 6 1 2 3 6 7 -81.340305108279395 
 1 2 3 4 6 1 2 4 5 6 1 2 3 4 6 1 2 4 5 6 -82.015161792157087 
 1 2 3 4 6 1 2 4 5 7 1 2 3 4 6 1 2 4 5 7 -81.917178608644988 
 1 2 3 4 6 1 2 4 6 7 1 2 3 4 6 1 2 4 6 7 -81.335130476163968 
 1 2 3 4 6 1 2 5 6 7 1 2 3 4 6 1 2 5 6 7 -81.332467686689114 
 1 2 3 4 6 1 3 4 5 6 1 2 3 4 6 1 3 4 5 6 -81.270527723934464 
 1 2 3 4 6 1 3 4 5 7 1 2 3 4 6 1 3 4 5 7 -81.265670855096928 
 1 2 3 4 6 1 3 4 6 7 1 2 3 4 6 1 3 4 6 7 -80.679986022646276 
 1 2 3 4 6 1 3 5 6 7 1 2 3 4 6 1 3 5 6 7 -80.684870428699071 
 1 2 3 4 6 1 4 5 6 7 1 2 3 4 6 1 4 5 6 7 -80.658584583490594 
 1 2 3 4 6 2 3 4 5 6 1 2 3 4 6 2 3 4 5 6 -62.300671237020673 
 1 2 3 4 6 2 3 4 5 7 1 2 3 4 6 2 3 4 5 7 -62.317983889075926 
 1 2 3 4 6 2 3 5 6 7 1 2 3 4 6 2 3 5 6 7 -61.611742711102785 
 1 2 3 4 6 2 4 5 6 7 1 2 3 4 6 2 4 5 6 7 -61.700314696310734 
 1 2 3 4 7 1 2 3 4 5 1 2 3 4 7 1 2 3 4 5 -82.553416636723441 
 1 2 3 4 7 1 2 3 4 6 1 2 3 4 7 1 2 3 4 6 -81.988949938620721 
 1 2 3 4 7 1 2 3 4 7 1 2 3 4 7 1 2 3 4 7 -81.904734092919782 
 1 2 3 4 7 1 2 3 5 6 1 2 3 4 7 1 2 3 5 6 -82.002298878106629 
 1 2 3 4 7 1 2 3 5 7 1 2 3 4 7 1 2 3 5 7 -81.937906996324088 
 1 2 3 4 7 1 2 3 6 7 1 2 3 4 7 1 2 3 6 7 -81.324325737108225 
 1 2 3 4 7 1 2 4 5 6 1 2 3 4 7 1 2 4 5 6 -82.011199040474253 
 1 2 3 4 7 1 2 4 5 7 1 2 3 4 7 1 2 4 5 7 -81.834703741847875 
 1 2 3 4 7 1 2 4 6 7 1 2 3 4 7 1 2 4 6 7 -81.316123612199419 
 1 2 3 4 7 1 2 5 6 7 1 2 3 4 7 1 2 5 6 7 -81.318229294421741 
 1 2 3 4 7 1 3 4 5 6 1 2 3 4 7 1 3 4 5 6 -81.247896335737266 
 1 2 3 4 7 1 3 4 5 7 1 2 3 4 7 1 3 4 5 7 -81.164527351785452 
 1 2 3 4 7 1 3 4 6 7 1 2 3 4 7 1 3 4 6 7 -80.642310522167350 
 1 2 3 4 7 1 3 5 6 7 1 2 3 4 7 1 3 5 6 7 -80.651963399917321 
 1 2 3 4 7 1 4 5 6 7 1 2 3 4 7 1 4 5 6 7 -80.622650061915479 
 1 2 3 4 7 2 3 4 5 6 1 2 3 4 7 2 3 4 5 6 -62.320870776278007 
 1 2 3 4 7 2 3 4 5 7 1 2 3 4 7 2 3 4 5 7 -62.259671313218981 
 1 2 3 4 7 2 3 5 6 7 1 2 3 4 7 2 3 5 6 7 -61.621666609775538 
 1 2 3 4 7 2 4 5 6 7 1 2 3 4 7 2 4 5 6 7 -61.707211102190136 
 1 2 3 5 6 1 2 3 4 5 1 2 3 5 6 1 2 3 4 5 -82.478549001261285 
 1 2 3 5 6 1 2 3 4 6 1 2 3 5 6 1 2 3 4 6 -82.003234136996070 
 1 2 3 5 6 1 2 3 4 7 1 2 3 5 6 1 2 3 4 7 -82.002298878106600 
 1 2 3 5 6 1 2 3 5 6 1 2 3 5 6 1 2 3 5 6 -81.810699468632762 
 1 2 3 5 6 1 2 3 5 7 1 2 3 5 6 1 2 3 5 7 -81.829588173661676 
 1 2 3 5 6 1 2 3 6 7 1 2 3 5 6 1 2 3 6 7 -81.305158748283318 
 1 2 3 5 6 1 2 4 5 6 1 2 3 5 6 1 2 4 5 6 -81.872363598594205 
 1 2 3 5 6 1 2 4 5 7 1 2 3 5 6 1 2 4 5 7 -81.779148886779296 
 1 2 3 5 6 1 2 4 6 7 1 2 3 5 6 1 2 4 6 7 -81.349720590968332 
 1 2 3 5 6 1 2 5 6 7 1 2 3 5 6 1 2 5 6 7 -81.145942665341451 
 1 2 3 5 6 1 3 4 5 6 1 2 3 5 6 1 3 4 5 6 -81.184320975730429 
 1 2 3 5 6 1 3 4 5 7 1 2 3 5 6 1 3 4 5 7 -81.184232578590084 
 1 2 3 5 6 1 3 4 6 7 1 2 3 5 6 1 3 4 6 7 -80.751167582809472 
 1 2 3 5 6 1 3 5 6 7 1 2 3 5 6 1 3 5 6 7 -80.554936852710242 
 1 2 3 5 6 1 4 5 6 7 1 2 3 5 6 1 4 5 6 7 -80.578387482302205 
 1 2 3 5 6 2 3 4 5 6 1 2 3 5 6 2 3 4 5 6 -62.298809174388559 
 1 2 3 5 6 2 3 4 5 7 1 2 3 5 6 2 3 4 5 7 -62.320890298141002 
 1 2 3 5 6 2 3 4 6 7 1 2 3 5 6 2 3 4 6 7 -61.659203345833468 
 1 2 3 5 6 2 4 5 6 7 1 2 3 5 6 2 4 5 6 7 -61.704462280694266 
 1 2 3 5 7 1 2 3 4 5 1 2 3 5 7 1 2 3 4 5 -82.429201231760487 
 1 2 3 5 7 1 2 3 4 6 1 2 3 5 7 1 2 3 4 6 -82.017354370327823 
 1 2 3 5 7 1 2 3 4 7 1 2 3 5 7 1 2 3 4 7 -81.937906996324060 
 1 2 3 5 7 1 2 3 5 6 1 2 3 5 7 1 2 3 5 6 -81.829588173661705 
 1 2 3 5 7 1 2 3 5 7 1 2 3 5 7 1 2 3 5 7 -81.769964763576340 
 1 2 3 5 7 1 2 3 6 7 1 2 3 5 7 1 2 3 6 7 -81.309003341030532 
 1 2 3 5 7 1 2 4 5 6 1 2 3 5 7 1 2 4 5 6 -81.888224810829769 
 1 2 3 5 7 1 2 4 5 7 1 2 3 5 7 1 2 4 5 7 -81.716497983900567 
 1 2 3 5 7 1 2 4 6 7 1 2 3 5 7 1 2 4 6 7 -81.350537690922152 
 1 2 3 5 7 1 2 5 6 7 1 2 3 5 7 1 2 5 6 7 -81.151528236992462 
 1 2 3 5 7 1 3 4 5 6 1 2 3 5 7 1 3 4 5 6 -81.181513551451602 
 1 2 3 5 7 1 3 4 5 7 1 2 3 5 7 1 3 4 5 7 -81.102913039196991 
 1 2 3 5 7 1 3 4 6 7 1 2 3 5 7 1 3 4 6 7 -80.733316046248945 
 1 2 3 5 7 1 3 5 6 7 1 2 3 5 7 1 3 5 6 7 -80.541853787846861 
 1 2 3 5 7 1 4 5 6 7 1 2 3 5 7 1 4 5 6 7 -80.562276924645445 
 1 2 3 5 7 2 3 4 5 6 1 2 3 5 7 2 3 4 5 6 -62.338832677564262 
 1 2 3 5 7 2 3 4 5 7 1 2 3 5 7 2 3 4 5 7 -62.282401686202427 
 1 2 3 5 7 2 3 4 6 7 1 2 3 5 7 2 3 4 6 7 -61.684182736727443 
 1 2 3 5 7 2 4 5 6 7 1 2 3 5 7 2 4 5 6 7 -61.731182650492038 
 1 2 3 6 7 1 2 3 4 5 1 2 3 6 7 1 2 3 4 5 -82.058228025162038 
 1 2 3 6 7 1 2 3 4 6 1 2 3 6 7 1 2 3 4 6 -81.340305108279381 
 1 2 3 6 7 1 2 3 4 7 1 2 3 6 7 1 2 3 4 7 -81.324325737108182 
 1 2 3 6 7 1 2 3 5 6 1 2 3 6 7 1 2 3 5 6 -81.305158748283318 
 1 2 3 6 7 1 2 3 5 7 1 2 3 6 7 1 2 3 5 7 -81.309003341030504 
 1 2 3 6 7 1 2 3 6 7 1 2 3 6 7 1 2 3 6 7 -80.541965863034719 
 1 2 3 6 7 1 2 4 5 6 1 2 3 6 7 1 2 4 5 6 -81.460589588541296 
 1 2 3 6 7 1 2 4 5 7 1 2 3 6 7 1 2 4 5 7 -81.352330764444631 
 1 2 3 6 7 1 2 4 6 7 1 2 3 6 7 1 2 4 6 7 -80.680294416016267 
 1 2 3 6 7 1 2 5 6 7 1 2 3 6 7 1 2 5 6 7 -80.633904798756632 
 1 2 3 6 7 1 3 4 5 6 1 2 3 6 7 1 3 4 5 6 -80.646811749079959 
 1 2 3 6 7 1 3 4 5 7 1 2 3 6 7 1 3 4 5 7 -80.631679239657885 
 1 2 3 6 7 1 3 4 6 7 1 2 3 6 7 1 3 4 6 7 -79.956006191259874 
 1 2 3 6 7 1 3 5 6 7 1 2 3 6 7 1 3 5 6 7 -79.917163769527846 
 1 2 3 6 7 1 4 5 6 7 1 2 3 6 7 1 4 5 6 7 -80.034381109416344 
 1 2 3 6 7 2 3 4 5 6 1 2 3 6 7 2 3 4 5 6 -61.630642686961060 
 1 2 3 6 7 2 3 4 5 7 1 2 3 6 7 2 3 4 5 7 -61.637679698431761 
 1 2 4 5 6 1 2 3 4 5 1 2 4 5 6 1 2 3 4 5 -82.393682453332374 
 1 2 4 5 6 1 2 3 4 6 1 2 4 5 6 1 2 3 4 6 -82.015161792157073 
 1 2 4 5 6 1 2 3 4 7 1 2 4 5 6 1 2 3 4 7 -82.011199040474224 
 1 2 4 5 6 1 2 3 5 6 1 2 4 5 6 1 2 3 5 6 -81.872363598594205 
 1 2 4 5 6 1 2 3 5 7 1 2 4 5 6 1 2 3 5 7 -81.888224810829755 
 1 2 4 5 6 1 2 3 6 7 1 2 4 5 6 1 2 3 6 7 -81.460589588541296 
 1 2 4 5 6 1 2 4 5 6 1 2 4 5 6 1 2 4 5 6 -81.765730442533453 
 1 2 4 5 6 1 2 4 5 7 1 2 4 5 6 1 2 4 5 7 -81.669488237925165 
 1 2 4 5 6 1 2 4 6 7 1 2 4 5 6 1 2 4 6 7 -81.336854145204114 
 1 2 4 5 6 1 2 5 6 7 1 2 4 5 6 1 2 5 6 7 -81.182812694377674 
 1 2 4 5 6 1 3 4 5 6 1 2 4 5 6 1 3 4 5 6 -81.151211686336268 
 1 2 4 5 6 1 3 4 5 7 1 2 4 5 6 1 3 4 5 7 -81.148095796402558 
 1 2 4 5 6 1 3 4 6 7 1 2 4 5 6 1 3 4 6 7 -80.811825003711860 
 1 2 4 5 6 1 3 5 6 7 1 2 4 5 6 1 3 5 6 7 -80.665330748413055 
 1 2 4 5 6 1 4 5 6 7 1 2 4 5 6 1 4 5 6 7 -80.520484091982823 
 1 2 4 5 6 2 3 4 5 6 1 2 4 5 6 2 3 4 5 6 -62.395936306397580 
 1 2 4 5 6 2 3 4 5 7 1 2 4 5 6 2 3 4 5 7 -62.414989937356644 
 1 2 4 5 6 2 3 4 6 7 1 2 4 5 6 2 3 4 6 7 -61.850097188139024 
 1 2 4 5 6 2 3 5 6 7 1 2 4 5 6 2 3 5 6 7 -61.806784137791873 
 1 2 4 5 6 2 4 5 6 7 1 2 4 5 6 2 4 5 6 7 -61.776795311778066 
 1 2 4 5 7 1 2 3 4 5 1 2 4 5 7 1 2 3 4 5 -82.232231266987753 
 1 2 4 5 7 1 2 3 4 6 1 2 4 5 7 1 2 3 4 6 -81.917178608644988 
 1 2 4 5 7 1 2 3 4 7 1 2 4 5 7 1 2 3 4 7 -81.834703741847861 
 1 2 4 5 7 1 2 3 5 6 1 2 4 5 7 1 2 3 5 6 -81.779148886779311 
 1 2 4 5 7 1 2 3 5 7 1 2 4 5 7 1 2 3 5 7 -81.716497983900567 
 1 2 4 5 7 1 2 3 6 7 1 2 4 5 7 1 2 3 6 7 -81.352330764444673 
 1 2 4 5 7 1 2 4 5 6 1 2 4 5 7 1 2 4 5 6 -81.669488237925179 
 1 2 4 5 7 1 2 4 5 7 1 2 4 5 7 1 2 4 5 7 -81.494733918202613 
 1 2 4 5 7 1 2 4 6 7 1 2 4 5 7 1 2 4 6 7 -81.225567828314098 
 1 2 4 5 7 1 2 5 6 7 1 2 4 5 7 1 2 5 6 7 -81.076294849184833 
 1 2 4 5 7 1 3 4 5 6 1 2 4 5 7 1 3 4 5 6 -81.036300845213603 
 1 2 4 5 7 1 3 4 5 7 1 2 4 5 7 1 3 4 5 7 -80.954672840165600 
 1 2 4 5 7 1 3 4 6 7 1 2 4 5 7 1 3 4 6 7 -80.681870050307467 
 1 2 4 5 7 1 3 5 6 7 1 2 4 5 7 1 3 5 6 7 -80.540144266705838 
 1 2 4 5 7 1 4 5 6 7 1 2 4 5 7 1 4 5 6 7 -80.392270117482227 
 1 2 4 5 7 2 3 4 5 6 1 2 4 5 7 2 3 4 5 6 -62.323856392729446 
 1 2 4 5 7 2 3 4 5 7 1 2 4 5 7 2 3 4 5 7 -62.264397908574246 
 1 2 4 5 7 2 3 4 6 7 1 2 4 5 7 2 3 4 6 7 -61.762973162189162 
 1 2 4 5 7 2 3 5 6 7 1 2 4 5 7 2 3 5 6 7 -61.724428583539186 
 1 2 4 5 7 2 4 5 6 7 1 2 4 5 7 2 4 5 6 7 -61.691412264732016 
 1 2 4 6 7 1 2 3 4 5 1 2 4 6 7 1 2 3 4 5 -81.956259189956697 
 1 2 4 6 7 1 2 3 4 6 1 2 4 6 7 1 2 3 4 6 -81.335130476163954 
 1 2 4 6 7 1 2 3 4 7 1 2 4 6 7 1 2 3 4 7 -81.316123612199377 
 1 2 4 6 7 1 2 3 5 6 1 2 4 6 7 1 2 3 5 6 -81.349720590968332 
 1 2 4 6 7 1 2 3 5 7 1 2 4 6 7 1 2 3 5 7 -81.350537690922152 
 1 2 4 6 7 1 2 3 6 7 1 2 4 6 7 1 2 3 6 7 -80.680294416016267 
 1 2 4 6 7 1 2 4 5 6 1 2 4 6 7 1 2 4 5 6 -81.336854145204114 
 1 2 4 6 7 1 2 4 5 7 1 2 4 6 7 1 2 4 5 7 -81.225567828314112 
 1 2 4 6 7 1 2 4 6 7 1 2 4 6 7 1 2 4 6 7 -80.650325682975620 
 1 2 4 6 7 1 2 5 6 7 1 2 4 6 7 1 2 5 6 7 -80.653672540516425 
 1 2 4 6 7 1 3 4 5 6 1 2 4 6 7 1 3 4 5 6 -80.596600172409367 
 1 2 4 6 7 1 3 4 5 7 1 2 4 6 7 1 3 4 5 7 -80.578440170193900 
 1 2 4 6 7 1 3 4 6 7 1 2 4 6 7 1 3 4 6 7 -79.999561324885818 
 1 2 4 6 7 1 3 5 6 7 1 2 4 6 7 1 3 5 6 7 -80.010455377954230 
 1 2 4 6 7 1 4 5 6 7 1 2 4 6 7 1 4 5 6 7 -79.959375431820533 
 1 2 4 6 7 2 3 4 5 6 1 2 4 6 7 2 3 4 5 6 -61.710667531693666 
 1 2 4 6 7 2 3 4 5 7 1 2 4 6 7 2 3 4 5 7 -61.714677050370987 
 1 2 5 6 7 1 2 3 4 5 1 2 5 6 7 1 2 3 4 5 -81.800976563811787 
 1 2 5 6 7 1 2 3 4 6 1 2 5 6 7 1 2 3 4 6 -81.332467686689100 
 1 2 5 6 7 1 2 3 4 7 1 2 5 6 7 1 2 3 4 7 -81.318229294421698 
 1 2 5 6 7 1 2 3 5 6 1 2 5 6 7 1 2 3 5 6 -81.145942665341451 
 1 2 5 6 7 1 2 3 5 7 1 2 5 6 7 1 2 3 5 7 -81.151528236992448 
 1 2 5 6 7 1 2 3 6 7 1 2 5 6 7 1 2 3 6 7 -80.633904798756618 
 1 2 5 6 7 1 2 4 5 6 1 2 5 6 7 1 2 4 5 6 -81.182812694377688 
 1 2 5 6 7 1 2 4 5 7 1 2 5 6 7 1 2 4 5 7 -81.076294849184833 
 1 2 5 6 7 1 2 4 6 7 1 2 5 6 7 1 2 4 6 7 -80.653672540516411 
 1 2 5 6 7 1 2 5 6 7 1 2 5 6 7 1 2 5 6 7 -80.455904261905175 
 1 2 5 6 7 1 3 4 5 6 1 2 5 6 7 1 3 4 5 6 -80.499150166941760 
 1 2 5 6 7 1 3 4 5 7 1 2 5 6 7 1 3 4 5 7 -80.485758636423483 
 1 2 5 6 7 1 3 4 6 7 1 2 5 6 7 1 3 4 6 7 -80.059499627785442 
 1 2 5 6 7 1 3 5 6 7 1 2 5 6 7 1 3 5 6 7 -79.869278544701828 
 1 2 5 6 7 1 4 5 6 7 1 2 5 6 7 1 4 5 6 7 -79.867935073368571 
 1 2 5 6 7 2 3 4 5 6 1 2 5 6 7 2 3 4 5 6 -61.697562211797965 
 1 2 5 6 7 2 3 4 5 7 1 2 5 6 7 2 3 4 5 7 -61.706340202172477 
 1 3 4 5 6 1 2 3 4 5 1 3 4 5 6 1 2 3 4 5 -81.756114965192950 
 1 3 4 5 6 1 2 3 4 6 1 3 4 5 6 1 2 3 4 6 -81.270527723934435 
 1 3 4 5 6 1 2 3 4 7 1 3 4 5 6 1 2 3 4 7 -81.247896335737209 
 1 3 4 5 6 1 2 3 5 6 1 3 4 5 6 1 2 3 5 6 -81.184320975730415 
 1 3 4 5 6 1 2 3 5 7 1 3 4 5 6 1 2 3 5 7 -81.181513551451573 
 1 3 4 5 6 1 2 3 6 7 1 3 4 5 6 1 2 3 6 7 -80.646811749079944 
 1 3 4 5 6 1 2 4 5 6 1 3 4 5 6 1 2 4 5 6 -81.151211686336268 
 1 3 4 5 6 1 2 4 5 7 1 3 4 5 6 1 2 4 5 7 -81.036300845213574 
 1 3 4 5 6 1 2 4 6 7 1 3 4 5 6 1 2 4 6 7 -80.596600172409353 
 1 3 4 5 6 1 2 5 6 7 1 3 4 5 6 1 2 5 6 7 -80.499150166941732 
 1 3 4 5 6 1 3 4 5 6 1 3 4 5 6 1 3 4 5 6 -80.450520462727766 
 1 3 4 5 6 1 3 4 5 7 1 3 4 5 6 1 3 4 5 7 -80.428735936279665 
 1 3 4 5 6 1 3 4 6 7 1 3 4 5 6 1 3 4 6 7 -79.985398563505811 
 1 3 4 5 6 1 3 5 6 7 1 3 4 5 6 1 3 5 6 7 -79.895495753565811 
 1 3 4 5 6 1 4 5 6 7 1 3 4 5 6 1 4 5 6 7 -79.824172963802184 
 1 3 4 5 7 1 2 3 4 5 1 3 4 5 7 1 2 3 4 5 -81.687790093522878 
 1 3 4 5 7 1 2 3 4 6 1 3 4 5 7 1 2 3 4 6 -81.265670855096914 
 1 3 4 5 7 1 2 3 4 7 1 3 4 5 7 1 2 3 4 7 -81.164527351785409 
 1 3 4 5 7 1 2 3 5 6 1 3 4 5 7 1 2 3 5 6 -81.184232578590070 
 1 3 4 5 7 1 2 3 5 7 1 3 4 5 7 1 2 3 5 7 -81.102913039196963 
 1 3 4 5 7 1 2 3 6 7 1 3 4 5 7 1 2 3 6 7 -80.631679239657871 
 1 3 4 5 7 1 2 4 5 6 1 3 4 5 7 1 2 4 5 6 -81.148095796402558 
 1 3 4 5 7 1 2 4 5 7 1 3 4 5 7 1 2 4 5 7 -80.954672840165600 
 1 3 4 5 7 1 2 4 6 7 1 3 4 5 7 1 2 4 6 7 -80.578440170193900 
 1 3 4 5 7 1 2 5 6 7 1 3 4 5 7 1 2 5 6 7 -80.485758636423469 
 1 3 4 5 7 1 3 4 5 6 1 3 4 5 7 1 3 4 5 6 -80.428735936279679 
 1 3 4 5 7 1 3 4 5 7 1 3 4 5 7 1 3 4 5 7 -80.328439294717285 
 1 3 4 5 7 1 3 4 6 7 1 3 4 5 7 1 3 4 6 7 -79.948569924775981 
 1 3 4 5 7 1 3 5 6 7 1 3 4 5 7 1 3 5 6 7 -79.863435586533171 
 1 3 4 5 7 1 4 5 6 7 1 3 4 5 7 1 4 5 6 7 -79.789085303976165 
 1 3 4 6 7 1 2 3 4 5 1 3 4 6 7 1 2 3 4 5 -81.408181316522203 
 1 3 4 6 7 1 2 3 4 6 1 3 4 6 7 1 2 3 4 6 -80.679986022646276 
 1 3 4 6 7 1 2 3 4 7 1 3 4 6 7 1 2 3 4 7 -80.642310522167321 
 1 3 4 6 7 1 2 3 5 6 1 3 4 6 7 1 2 3 5 6 -80.751167582809472 
 1 3 4 6 7 1 2 3 5 7 1 3 4 6 7 1 2 3 5 7 -80.733316046248916 
 1 3 4 6 7 1 2 3 6 7 1 3 4 6 7 1 2 3 6 7 -79.956006191259860 
 1 3 4 6 7 1 2 4 5 6 1 3 4 6 7 1 2 4 5 6 -80.811825003711860 
 1 3 4 6 7 1 2 4 5 7 1 3 4 6 7 1 2 4 5 7 -80.681870050307467 
 1 3 4 6 7 1 2 4 6 7 1 3 4 6 7 1 2 4 6 7 -79.999561324885818 
 1 3 4 6 7 1 2 5 6 7 1 3 4 6 7 1 2 5 6 7 -80.059499627785414 
 1 3 4 6 7 1 3 4 5 6 1 3 4 6 7 1 3 4 5 6 -79.985398563505811 
 1 3 4 6 7 1 3 4 5 7 1 3 4 6 7 1 3 4 5 7 -79.948569924775981 
 1 3 4 6 7 1 3 4 6 7 1 3 4 6 7 1 3 4 6 7 -79.262624499384700 
 1 3 4 6 7 1 3 5 6 7 1 3 4 6 7 1 3 5 6 7 -79.330109997811945 
 1 3 4 6 7 1 4 5 6 7 1 3 4 6 7 1 4 5 6 7 -79.352553918344825 
 1 3 5 6 7 1 2 3 4 5 1 3 5 6 7 1 2 3 4 5 -81.260445885904900 
 1 3 5 6 7 1 2 3 4 6 1 3 5 6 7 1 2 3 4 6 -80.684870428699028 
 1 3 5 6 7 1 2 3 4 7 1 3 5 6 7 1 2 3 4 7 -80.651963399917264 
 1 3 5 6 7 1 2 3 5 6 1 3 5 6 7 1 2 3 5 6 -80.554936852710227 
 1 3 5 6 7 1 2 3 5 7 1 3 5 6 7 1 2 3 5 7 -80.541853787846847 
 1 3 5 6 7 1 2 3 6 7 1 3 5 6 7 1 2 3 6 7 -79.917163769527818 
 1 3 5 6 7 1 2 4 5 6 1 3 5 6 7 1 2 4 5 6 -80.665330748413041 
 1 3 5 6 7 1 2 4 5 7 1 3 5 6 7 1 2 4 5 7 -80.540144266705838 
 1 3 5 6 7 1 2 4 6 7 1 3 5 6 7 1 2 4 6 7 -80.010455377954216 
 1 3 5 6 7 1 2 5 6 7 1 3 5 6 7 1 2 5 6 7 -79.869278544701800 
 1 3 5 6 7 1 3 4 5 6 1 3 5 6 7 1 3 4 5 6 -79.895495753565811 
 1 3 5 6 7 1 3 4 5 7 1 3 5 6 7 1 3 4 5 7 -79.863435586533157 
 1 3 5 6 7 1 3 4 6 7 1 3 5 6 7 1 3 4 6 7 -79.330109997811931 
 1 3 5 6 7 1 3 5 6 7 1 3 5 6 7 1 3 5 6 7 -79.196480360087165 
 1 3 5 6 7 1 4 5 6 7 1 3 5 6 7 1 4 5 6 7 -79.268660755420484 
 1 4 5 6 7 1 2 3 4 5 1 4 5 6 7 1 2 3 4 5 -81.137365837606524 
 1 4 5 6 7 1 2 3 4 6 1 4 5 6 7 1 2 3 4 6 -80.658584583490565 
 1 4 5 6 7 1 2 3 4 7 1 4 5 6 7 1 2 3 4 7 -80.622650061915422 
 1 4 5 6 7 1 2 3 5 6 1 4 5 6 7 1 2 3 5 6 -80.578387482302190 
 1 4 5 6 7 1 2 3 5 7 1 4 5 6 7 1 2 3 5 7 -80.562276924645445 
 1 4 5 6 7 1 2 3 6 7 1 4 5 6 7 1 2 3 6 7 -80.034381109416330 
 1 4 5 6 7 1 2 4 5 6 1 4 5 6 7 1 2 4 5 6 -80.520484091982823 
 1 4 5 6 7 1 2 4 5 7 1 4 5 6 7 1 2 4 5 7 -80.392270117482227 
 1 4 5 6 7 1 2 4 6 7 1 4 5 6 7 1 2 4 6 7 -79.959375431820533 
 1 4 5 6 7 1 2 5 6 7 1 4 5 6 7 1 2 5 6 7 -79.867935073368542 
 1 4 5 6 7 1 3 4 5 6 1 4 5 6 7 1 3 4 5 6 -79.824172963802170 
 1 4 5 6 7 1 3 4 5 7 1 4 5 6 7 1 3 4 5 7 -79.789085303976151 
 1 4 5 6 7 1 3 4 6 7 1 4 5 6 7 1 3 4 6 7 -79.352553918344839 
 1 4 5 6 7 1 3 5 6 7 1 4 5 6 7 1 3 5 6 7 -79.268660755420498 
 1 4 5 6 7 1 4 5 6 7 1 4 5 6 7 1 4 5 6 7 -79.172543864731637 
 2 3 4 5 6 1 2 3 4 5 2 3 4 5 6 1 2 3 4 5 -62.959746666510739 
 2 3 4 5 6 1 2 3 4 6 2 3 4 5 6 1 2 3 4 6 -62.300671237020687 
 2 3 4 5 6 1 2 3 4 7 2 3 4 5 6 1 2 3 4 7 -62.320870776277999 
 2 3 4 5 6 1 2 3 5 6 2 3 4 5 6 1 2 3 5 6 -62.298809174388573 
 2 3 4 5 6 1 2 3 5 7 2 3 4 5 6 1 2 3 5 7 -62.338832677564291 
 2 3 4 5 6 1 2 3 6 7 2 3 4 5 6 1 2 3 6 7 -61.630642686961060 
 2 3 4 5 6 1 2 4 5 6 2 3 4 5 6 1 2 4 5 6 -62.395936306397608 
 2 3 4 5 6 1 2 4 5 7 2 3 4 5 6 1 2 4 5 7 -62.323856392729468 
 2 3 4 5 6 1 2 4 6 7 2 3 4 5 6 1 2 4 6 7 -61.710667531693673 
 2 3 4 5 6 1 2 5 6 7 2 3 4 5 6 1 2 5 6 7 -61.697562211797973 
 2 3 4 5 7 1 2 3 4 5 2 3 4 5 7 1 2 3 4 5 -62.913591315733427 
 2 3 4 5 7 1 2 3 4 6 2 3 4 5 7 1 2 3 4 6 -62.317983889075926 
 2 3 4 5 7 1 2 3 4 7 2 3 4 5 7 1 2 3 4 7 -62.259671313218945 
 2 3 4 5 7 1 2 3 5 6 2 3 4 5 7 1 2 3 5 6 -62.320890298141002 
 2 3 4 5 7 1 2 3 5 7 2 3 4 5 7 1 2 3 5 7 -62.282401686202427 
 2 3 4 5 7 1 2 3 6 7 2 3 4 5 7 1 2 3 6 7 -61.637679698431761 
 2 3 4 5 7 1 2 4 5 6 2 3 4 5 7 1 2 4 5 6 -62.414989937356644 
 2 3 4 5 7 1 2 4 5 7 2 3 4 5 7 1 2 4 5 7 -62.264397908574225 
 2 3 4 5 7 1 2 4 6 7 2 3 4 5 7 1 2 4 6 7 -61.714677050370980 
 2 3 4 5 7 1 2 5 6 7 2 3 4 5 7 1 2 5 6 7 -61.706340202172470 
 2 3 4 6 7 1 2 3 4 5 2 3 4 6 7 1 2 3 4 5 -62.405360582205816 
 2 3 4 6 7 1 2 3 5 6 2 3 4 6 7 1 2 3 5 6 -61.659203345833468 
 2 3 4 6 7 1 2 3 5 7 2 3 4 6 7 1 2 3 5 7 -61.684182736727443 
 2 3 4 6 7 1 2 4 5 6 2 3 4 6 7 1 2 4 5 6 -61.850097188139038 
 2 3 4 6 7 1 2 4 5 7 2 3 4 6 7 1 2 4 5 7 -61.762973162189169 
 2 3 5 6 7 1 2 3 4 5 2 3 5 6 7 1 2 3 4 5 -62.360806356540195 
 2 3 5 6 7 1 2 3 4 6 2 3 5 6 7 1 2 3 4 6 -61.611742711102771 
 2 3 5 6 7 1 2 3 4 7 2 3 5 6 7 1 2 3 4 7 -61.621666609775531 
 2 3 5 6 7 1 2 4 5 6 2 3 5 6 7 1 2 4 5 6 -61.806784137791873 
 2 3 5 6 7 1 2 4 5 7 2 3 5 6 7 1 2 4 5 7 -61.724428583539179 
 2 4 5 6 7 1 2 3 4 5 2 4 5 6 7 1 2 3 4 5 -62.352584138658230 
 2 4 5 6 7 1 2 3 4 6 2 4 5 6 7 1 2 3 4 6 -61.700314696310720 
 2 4 5 6 7 1 2 3 4 7 2 4 5 6 7 1 2 3 4 7 -61.707211102190115 
 2 4 5 6 7 1 2 3 5 6 2 4 5 6 7 1 2 3 5 6 -61.704462280694266 
 2 4 5 6 7 1 2 3 5 7 2 4 5 6 7 1 2 3 5 7 -61.731182650492038 
 2 4 5 6 7 1 2 4 5 6 2 4 5 6 7 1 2 4 5 6 -61.776795311778066 
 2 4 5 6 7 1 2 4 5 7 2 4 5 6 7 1 2 4 5 7 -61.691412264732008 
