6.480044122490363767e-01
-1.419310685063742305e-14
-3.864429196713813441e-14
4.520396774849685939e-02
-9.311585364453329999e-16
3.186163850471283042e-15
-8.775395797430003717e-15
-1.478949630974761391e-03
-1.052864499700859815e-14
8.762731246789372090e-04
1.634106003512667687e-02
2.162096157918976324e-15
1.350643206628264728e-15
-6.179549201402341414e-16
-2.363181529846586533e-03
1.680971298235571780e-04
1.016469763530381638e-16
-1.089223142063641957e-17
5.032130275278025581e-17
-4.722337129518348474e-04
1.606644228290044482e-17
-3.403123437750621168e-14
-2.884842870925433470e-02
5.295844402499985092e-15
-2.882030377643975542e-16
1.390534019534224969e-15
2.977675253454582011e-15
2.960582558124168059e-15
1.059818723637219441e-14
2.762649878431320573e-03
7.619985558526284969e-16
-2.182163135109036523e-15
-1.273650911034184747e-15
6.116101729305765633e-17
-3.534268107028603627e-16
3.544330949239030948e-17
-1.477644317642320711e-17
1.245661124361699971e-17
0.000000000000000000e+00
-4.934728915483149102e-18
9.754372616542065212e-18
-9.986830430202625207e-18
2.570563880096143010e-15
-6.692958764915542206e-15
-1.080814177237141190e-02
4.606952910145084848e-16
7.743134269335833628e-15
-8.286652052586624450e-06
2.603364162786052999e-15
5.036501788328287946e-16
1.885597947682214728e-15
6.094208975441768878e-16
3.698011460461145155e-16
-5.363283906935208516e-17
0.000000000000000000e+00
-1.902755329212755108e-16
-1.254427609915899726e-15
2.458473064332903109e-17
-1.697283468004195747e-17
0.000000000000000000e+00
1.262383504194423975e-18
2.424403243338379819e-17
0.000000000000000000e+00
4.520396774848801924e-02
1.155874957783932694e-14
6.371475119414010491e-15
-1.189189598610122106e-01
3.651992864778230574e-15
-3.366453482765423167e-15
4.147302837165707613e-15
-8.705865669401932627e-02
1.354476522729874371e-15
-2.535924628059128632e-04
5.374075246794574046e-02
-1.555998958766359823e-15
1.796683676490784969e-15
7.752484939870366292e-16
3.176499541751622024e-03
-3.460353020730205851e-04
-7.454837801914918397e-17
-1.778712797985444470e-17
-2.810359867803179041e-17
4.959271045408053714e-05
5.393715432870510187e-17
-3.164800879540882471e-14
-1.854625004829317258e-16
-5.641770786745230926e-15
2.461108247662978850e-15
-6.394383143228861421e-02
-1.595224848479668244e-15
-7.375053835666162128e-02
2.863216043533226282e-15
-8.836887863013696260e-16
9.084147450959203951e-16
-5.208394677439526672e-16
-2.265137420736248325e-03
1.346997036937406626e-15
4.692193176490865210e-03
1.614593785057284497e-15
6.945557252435842929e-17
4.124443984383755380e-04
-1.363008118917769320e-17
4.208083929486295543e-05
2.004925620841814816e-17
3.793274957415713376e-05
1.124477975999480704e-15
-4.047736670757496669e-16
-8.286652053380238418e-06
-8.122231844662996363e-16
2.968768635108505618e-15
3.657087244565141847e-03
1.235099226054913943e-15
-2.251888012582793277e-16
8.888638041446125975e-16
-3.311921172128101851e-16
-1.218881271817439251e-15
6.511555321400272186e-16
-8.999743218925458210e-04
-5.140515291651203629e-16
1.376347870123728109e-16
2.617360218190012710e-18
-4.721295431108502764e-17
0.000000000000000000e+00
2.812444428345160348e-17
-4.938511207991818514e-18
1.112075547913943111e-17
7.164213733468152650e-15
1.389533560230846565e-14
-5.189876080762565559e-15
1.931972216974935867e-15
-7.375053835667240432e-02
-1.222360595296633491e-15
-5.724197458234438901e-02
-1.078045851965742761e-15
-4.056377180300383610e-15
-9.269235426360803163e-16
-1.184272496060675510e-15
3.272027947612451276e-02
-1.573444614369945218e-15
3.249279403457270080e-03
-8.170031576590384869e-16
-5.070507411203226344e-17
-4.239296080590058968e-04
2.511674093111991499e-17
1.724872380568306132e-05
-7.655769762272007217e-17
-1.544388322542700380e-05
-1.478949630977413133e-03
8.033419144669633381e-15
-5.066846227185947743e-16
-8.705865669401711970e-02
-2.393639074628700280e-15
-5.411100450370018192e-15
-1.698380003702955292e-16
-1.251377580433100933e-01
3.333514568538371666e-15
-1.267812194874055193e-02
3.595221734134968622e-02
-3.640883808184063953e-17
2.839403859240574301e-15
-5.139050305827671580e-16
3.208177450526786875e-03
2.880539922758660695e-05
-2.565715348299171639e-18
1.911633699879306685e-17
-3.642223205800930884e-17
-1.550064151777129145e-04
-8.832448168842300559e-18
-1.408589829728160809e-15
2.762649878431835352e-03
-1.887313658577668826e-15
4.426775578277042317e-15
1.195534502123039563e-15
1.094351056129663342e-15
-1.609602066542817908e-16
2.304997391592012677e-15
4.224110427253592419e-03
-2.620362649332655387e-15
-2.214387248610861876e-15
3.290704184929137456e-16
0.000000000000000000e+00
-7.239290189406254675e-16
-9.988848349060576013e-16
-1.083563246748070512e-17
1.132156019525893849e-17
0.000000000000000000e+00
2.024399427127868053e-18
-5.966510321445028872e-18
0.000000000000000000e+00
8.762731246817074540e-04
-2.614082642691683326e-15
2.135187801296325948e-15
-2.535924628074094959e-04
-3.925823331136328449e-16
1.491429089125069662e-15
-6.221652947702110007e-16
-1.267812194873535643e-02
-6.984838835074587519e-16
5.017407601717505106e-02
8.295377301212423105e-04
9.162674823021058176e-16
-1.317371371855602695e-15
-8.845886767023711863e-16
1.877886902251628756e-02
-3.182565112416465665e-06
1.294969065444149219e-17
-1.727469259889416768e-17
-1.202222824767886108e-17
-9.353910321670780455e-05
-2.884870013146446145e-17
1.634106003513846606e-02
-2.022600449029729572e-15
-4.109076070029340126e-15
5.374075246794848826e-02
-1.312059454531639046e-15
5.872989216892469176e-16
-6.948559162220286293e-16
3.595221734134988745e-02
2.647253755901944301e-16
8.295377301230202937e-04
-3.513610246289119998e-02
1.198038388660614992e-16
-7.765833967939897722e-16
8.538508175181121588e-16
1.474696895532874802e-03
5.268345229615840897e-04
9.105747579525935228e-18
3.784494436639700891e-17
-7.471984304569869482e-18
2.784769524070689970e-05
-7.532087957809312616e-17
-2.724173266589826539e-15
-4.010278946088440250e-16
1.133792640274989957e-15
2.668914688467302582e-15
-2.265137420735788623e-03
-1.014472566667258930e-15
3.272027947612204252e-02
2.395391672802266801e-15
-7.099040136602265694e-16
1.868576405802224791e-16
4.552091331188947230e-16
-1.562913455951650543e-02
0.000000000000000000e+00
8.312616997485638027e-04
-1.384294591058407990e-15
-4.677130843379499008e-17
8.278726966955150856e-04
0.000000000000000000e+00
6.683084971405585362e-05
-2.945463419694252001e-17
0.000000000000000000e+00
8.066431560742423348e-16
-1.248925398456877237e-15
0.000000000000000000e+00
-1.322632569066304714e-15
-4.169551926570713302e-16
-8.999743218926516391e-04
-1.468994703743893994e-15
1.014487925988694383e-15
0.000000000000000000e+00
8.891697014101486886e-16
2.403809848945109494e-16
0.000000000000000000e+00
0.000000000000000000e+00
-2.113417770765101048e-16
0.000000000000000000e+00
-6.017017630379451762e-18
0.000000000000000000e+00
0.000000000000000000e+00
-2.150395555257016671e-18
0.000000000000000000e+00
0.000000000000000000e+00
1.608404294973427300e-15
-5.406953231142887914e-16
-3.415248316312136736e-16
2.874662851962294395e-16
4.692193176492416053e-03
7.616794956673291675e-16
3.249279403454863151e-03
3.247805291184613759e-16
-1.327107469834226250e-15
-5.490039050547209478e-16
-2.746245638348583594e-15
8.312616997498987808e-04
-2.278501195879691956e-16
5.550364350193966179e-03
3.408234436245259691e-15
-1.089904147994108612e-18
3.703119394618294418e-05
0.000000000000000000e+00
-2.371169183702830844e-04
4.298801153914020525e-17
8.463088901597153773e-05
-2.363181529847482084e-03
-1.148918724846251378e-15
5.844649407421506103e-16
3.176499541751622892e-03
-9.478074986664179876e-16
3.240776728175903295e-16
-1.080533831928629750e-15
3.208177450528690300e-03
-1.296408456676841719e-16
1.877886902251593715e-02
1.474696895532652541e-03
-7.129565391304617816e-16
0.000000000000000000e+00
1.112163161577505598e-15
8.622997668382410483e-03
4.186197337459150448e-05
1.241781921817582472e-17
0.000000000000000000e+00
3.137586900886960774e-17
-1.419696547718561825e-04
0.000000000000000000e+00
1.680971298230350263e-04
-8.721726390622388362e-18
1.533965005740185345e-17
-3.460353020729379689e-04
1.181748705656254137e-16
1.595441563095118121e-17
2.941472680559193702e-17
2.880539922768423258e-05
-7.085366739620207691e-17
-3.182565112413810217e-06
5.268345229615135081e-04
-1.790617897304811164e-17
2.970790877240407536e-17
1.514668784736861531e-17
4.186197337455937144e-05
-6.899243819205344401e-04
-2.328983455712269019e-16
0.000000000000000000e+00
3.597755738988209605e-17
-1.030453088183974834e-05
-4.176411827336965942e-17
-4.192473235273541635e-16
-5.816338947662604008e-17
2.399413332791638366e-17
1.055307944676124586e-16
4.124443984384643341e-04
-3.448898623192400863e-17
-4.239296080589452899e-04
7.421554308102480320e-17
-4.711057586299591857e-17
1.388720521905213821e-17
-1.158360325693580060e-16
8.278726966954649954e-04
0.000000000000000000e+00
3.703119394615751286e-05
-1.735647652153259162e-17
2.201924590158375073e-16
-4.331514196656718971e-04
0.000000000000000000e+00
9.471157897343008642e-06
8.701786811829253387e-17
0.000000000000000000e+00
-1.975028557825941346e-17
0.000000000000000000e+00
0.000000000000000000e+00
-7.132483286097722358e-18
-1.575503154259434945e-17
0.000000000000000000e+00
-1.116997641855215282e-17
3.624103287020445131e-18
0.000000000000000000e+00
-2.939893052501346018e-17
4.511893562117208412e-17
0.000000000000000000e+00
0.000000000000000000e+00
0.000000000000000000e+00
0.000000000000000000e+00
0.000000000000000000e+00
0.000000000000000000e+00
0.000000000000000000e+00
0.000000000000000000e+00
0.000000000000000000e+00
0.000000000000000000e+00
1.267329119814071635e-16
-9.500883957671477335e-18
3.479472744582929747e-17
1.650176609312021111e-17
4.208083929482790860e-05
2.019716481242485043e-17
1.724872380568256327e-05
1.886842057952982614e-17
4.288870468873961593e-18
-3.636767421494109554e-17
3.051973193749462083e-17
6.683084971406023109e-05
1.033406545346800406e-16
-2.371169183704321894e-04
-1.695334816322250599e-17
-1.537628533347321926e-16
9.471157897425863710e-06
0.000000000000000000e+00
1.475737829141108659e-04
-5.704000741391068209e-17
-4.027975659210175939e-05
-4.722337129519880452e-04
3.506194512957861067e-17
3.961788356958045662e-17
4.959271045406240386e-05
5.452707855993485261e-17
2.004104504640350196e-17
3.596823765516049559e-17
-1.550064151777404804e-04
3.311555694924774758e-18
-9.353910321671609870e-05
2.784769524071633226e-05
-2.761265596429742282e-17
0.000000000000000000e+00
9.411014414275180389e-18
-1.419696547718684069e-04
-1.030453088186142560e-05
-3.506120373499882575e-17
0.000000000000000000e+00
-4.368678124289505144e-17
1.559699266790434203e-04
0.000000000000000000e+00
2.188633436839746725e-18
-8.314220148508472925e-18
0.000000000000000000e+00
-5.196696638452734064e-19
3.793274957410326925e-05
-1.428695719653153864e-17
-1.544388322537744559e-05
4.060689823492192420e-17
0.000000000000000000e+00
1.096830656096855828e-17
4.684860451974116152e-18
0.000000000000000000e+00
0.000000000000000000e+00
8.463088901561311404e-05
0.000000000000000000e+00
5.569256455324764441e-18
0.000000000000000000e+00
0.000000000000000000e+00
-4.027975659224742195e-05
0.000000000000000000e+00
0.000000000000000000e+00
