6.480044122492272241e-01
-2.429032848202331571e-16
-1.482319138963495769e-14
4.520396774788053296e-02
4.683194526350358937e-15
-1.181725963871190051e-15
4.522576072629888843e-15
-1.478949630562687153e-03
2.530788753685828412e-15
8.762731247120324803e-04
1.634106003506169413e-02
-8.538833329789489848e-16
1.675083952549253787e-15
-2.269901452208961306e-16
-2.363181529865269071e-03
1.680971298221152163e-04
-1.076804924421403229e-16
-2.125678036998064231e-17
3.122938584842080723e-17
-4.722337129519918941e-04
1.966023513907558231e-17
8.245480543265602454e-15
-2.884842870926778574e-02
-1.050932261730871747e-15
-2.869444058103642971e-16
7.757998479054763119e-16
1.978069669378958479e-15
-1.481068074663074328e-15
-2.141878403660235221e-15
2.762649878420544037e-03
-8.096313257697855453e-17
1.234349037957814644e-15
-6.384874117376785647e-16
2.289512530475727835e-16
8.429471902227853231e-17
-5.858520142428303749e-16
5.982271741072025545e-17
-1.220620691216228841e-16
0.000000000000000000e+00
7.127495916726282806e-17
9.187763622534084736e-18
-2.320096596800649767e-17
-4.639577659165992560e-15
-1.172127276301527482e-15
-1.080814177237777833e-02
9.193073322153628435e-16
-1.017839203496433613e-15
-8.286652066435975668e-06
-1.001522567314904520e-15
3.513253974836872753e-15
2.177519420784871475e-17
-4.682695153539594260e-16
-6.502877104668679801e-16
1.028206943835756236e-15
0.000000000000000000e+00
9.431731843781982580e-16
-6.221199373247234404e-16
-3.903226645154514960e-17
-2.588878535252273173e-17
0.000000000000000000e+00
-5.439471762397169399e-19
2.215874566247414404e-17
0.000000000000000000e+00
4.520396774793473266e-02
2.584194752884336901e-16
3.556468202323059990e-15
-1.189189598610252419e-01
-1.200714124921060649e-15
-5.228314068867176420e-16
-1.138885200448503495e-16
-8.705865669399225071e-02
1.540520367570393477e-16
-2.535924627778146797e-04
5.374075246793433291e-02
-1.696171571301226726e-16
2.713909629994380573e-15
-6.065180318748982390e-16
3.176499541726812877e-03
-3.460353020732601396e-04
-7.236059820180100513e-17
2.030059723014244493e-17
1.293506160430737138e-17
4.959271045444031608e-05
-1.276197217724827256e-17
-4.891640762237405762e-15
1.283947886546187760e-15
9.413417783991392260e-16
8.080625938142178987e-16
-6.394383143225607080e-02
-8.686024429601480955e-16
-7.375053835666608992e-02
-1.955763768702174089e-15
-1.591267740318179289e-15
-3.239374900900024743e-16
2.875106474008733101e-16
-2.265137420748755681e-03
-4.856725817580995799e-16
4.692193176485418178e-03
4.051331565998795939e-16
1.030793008994694005e-17
4.124443984383390003e-04
-1.704658558416036525e-17
4.208083929436082753e-05
-3.145834906066198994e-17
3.793274957405407357e-05
8.173328773706092448e-16
2.657415552977910190e-16
-8.286652065635141592e-06
-3.861683416971658776e-16
-4.083068364815379234e-16
3.657087244562579661e-03
2.882702319197732364e-16
7.018091372125698680e-16
-1.112730491238935978e-15
8.940105627490731707e-16
7.830884362220669835e-17
1.727729837056288029e-15
-8.999743218929836218e-04
9.640947977046557398e-16
-1.837755769177239849e-15
2.062172522719424907e-17
-1.834801487871909321e-17
0.000000000000000000e+00
1.957406833477692493e-17
-1.171109826728479496e-17
-1.141430999531962671e-16
1.402715947743721321e-15
2.076990338150069300e-15
5.698071991709010700e-16
1.048361501763609848e-15
-7.375053835665482116e-02
1.819256095421358433e-16
-5.724197458239295433e-02
-7.827611841452498886e-16
-1.729817037243875712e-15
-6.705145569180156890e-16
-8.386486907429228419e-16
3.272027947612366622e-02
-2.742008556884504317e-15
3.249279403426895939e-03
3.355249382533651478e-16
1.934098622955294175e-18
-4.239296080591201175e-04
4.929990738937418270e-17
1.724872380589137044e-05
-4.830366749019192848e-17
-1.544388322538873824e-05
-1.478949630546547720e-03
-7.166566382408212558e-16
3.588234878163656098e-16
-8.705865669398449302e-02
7.207810480133009031e-16
-3.938987480011033103e-16
-2.379995710983634215e-15
-1.251377580433245540e-01
-1.904240569177329701e-16
-1.267812194864581000e-02
3.595221734137165476e-02
-5.263245247169051502e-16
1.581502865214314416e-15
-9.611513412833887387e-16
3.208177450511166557e-03
2.880539922763515211e-05
-2.752665077494334024e-17
2.749531812208377709e-17
-4.111971227827818657e-17
-1.550064151780072483e-04
1.371548561319450417e-17
-1.580728316352929642e-15
2.762649878421180247e-03
-9.071338089500522807e-16
-2.448203798238723894e-16
-1.073520715209727653e-16
1.272415186618855340e-15
-7.819334700818879367e-16
-9.231652536774486966e-16
4.224110427257286512e-03
-1.228351221166955536e-15
-1.601748387477582880e-15
-6.117558857889630220e-19
0.000000000000000000e+00
2.579734403421860693e-15
-6.123923743819597687e-16
-1.657582044053845144e-17
3.433646477780590217e-17
0.000000000000000000e+00
-2.037414523008231904e-17
-3.010548396965731180e-17
0.000000000000000000e+00
8.762731247102949379e-04
4.283815880452248447e-16
2.310402979864538372e-16
-2.535924627829693021e-04
-1.331295466382561159e-15
1.508850836882897485e-15
-1.045385626019696014e-15
-1.267812194865918299e-02
7.064730005816163696e-16
5.017407601718706922e-02
8.295377301164323560e-04
-2.686882659827026669e-16
2.645687136554033429e-15
1.994022125494191399e-15
1.877886902250684720e-02
-3.182565112563301791e-06
6.726889761121215443e-18
2.053387933376684951e-17
-2.136642238176570893e-17
-9.353910321664206124e-05
7.543545132563379420e-17
1.634106003505229887e-02
6.635560600125657388e-17
-1.703563559930085394e-15
5.374075246793189736e-02
-8.745870229694080547e-16
2.857321067957967142e-16
5.871969458150650049e-16
3.595221734136643671e-02
3.414210007823340689e-16
8.295377301150001249e-04
-3.513610246287198619e-02
9.691087190347812694e-16
-2.875684927164549640e-15
-5.512482577834224510e-15
1.474696895557355220e-03
5.268345229608442301e-04
6.418259451953815526e-17
1.822916553953934092e-17
-4.461958996469895954e-17
2.784769524044385870e-05
-4.919222333089615190e-17
-6.876760584675494215e-16
-4.719915864753689958e-16
4.825397024351315753e-16
1.013951352514341286e-15
-2.265137420749832511e-03
-1.644674203514661288e-15
3.272027947612481114e-02
2.539014386944571234e-16
-2.035374671847672996e-16
1.230393339027678399e-16
9.580568225749500807e-16
-1.562913455952715316e-02
0.000000000000000000e+00
8.312616997734382195e-04
6.102868892714159276e-16
4.195908625199858506e-17
8.278726966956842211e-04
0.000000000000000000e+00
6.683084971297078409e-05
-6.794014878653471075e-17
0.000000000000000000e+00
5.466384702104281764e-16
8.670799129061354686e-16
0.000000000000000000e+00
6.855149549508403239e-16
-1.166384319815031291e-15
-8.999743218935208440e-04
1.297591576265804149e-16
6.120413334571719114e-16
0.000000000000000000e+00
3.957428825831854919e-15
-3.452945102590590740e-16
0.000000000000000000e+00
0.000000000000000000e+00
1.289770314682709292e-15
0.000000000000000000e+00
2.418811084421651033e-17
0.000000000000000000e+00
0.000000000000000000e+00
2.114068776863159855e-17
0.000000000000000000e+00
0.000000000000000000e+00
8.786840273827865859e-16
-9.451218622414760546e-17
3.446620991468035734e-16
1.207181822035242097e-15
4.692193176485739969e-03
-1.998435236380635423e-15
3.249279403428003993e-03
-1.249519628937506031e-15
4.457837488855460186e-15
4.009986522952686786e-15
2.238427898698859875e-15
8.312616997714547800e-04
-1.428099133275369196e-16
5.550364350190009274e-03
-7.714393962869264199e-15
1.014142913049656921e-16
3.703119394531370542e-05
0.000000000000000000e+00
-2.371169183703692785e-04
-1.571531852682321267e-16
8.463088901555330674e-05
-2.363181529863825781e-03
-1.498986898717191959e-15
-2.710058378841356205e-17
3.176499541727651615e-03
1.033257553068499117e-15
-1.450254293934581584e-16
-1.840242239204013405e-15
3.208177450510536852e-03
5.194702813980189877e-16
1.877886902250812742e-02
1.474696895556285980e-03
4.178838963592186273e-15
0.000000000000000000e+00
4.550089396117157062e-15
8.622997668382476402e-03
4.186197337422157470e-05
-1.379156715650565156e-17
0.000000000000000000e+00
-1.612677314399346698e-17
-1.419696547718925846e-04
0.000000000000000000e+00
1.680971298223409472e-04
1.214625022609684883e-16
7.817935954409960713e-17
-3.460353020734375693e-04
7.754266516645722190e-18
2.389932345973915914e-17
1.904272685026941708e-16
2.880539922755623913e-05
-5.439222313853371754e-17
-3.182565112579491556e-06
5.268345229609246779e-04
-5.120336170489513477e-17
6.290634056781589337e-17
8.165807675313089051e-18
4.186197337424701280e-05
-6.899243819206802653e-04
-7.666879501568001954e-17
0.000000000000000000e+00
8.641852922259066855e-17
-1.030453088163222865e-05
-4.657252943894797868e-17
4.060593246856920665e-19
6.428374340879582697e-17
3.360744021874695448e-17
-4.015064078228596382e-17
4.124443984383374825e-04
-1.399730783295264799e-18
-4.239296080591229907e-04
-1.528629011962593101e-17
-5.203086699066668942e-17
-8.768933054198963200e-18
4.286088363660410097e-17
8.278726966957214092e-04
0.000000000000000000e+00
3.703119394520977786e-05
6.425377720213557649e-18
3.001969357419681155e-17
-4.331514196658764861e-04
0.000000000000000000e+00
9.471157897843511940e-06
-7.315517801511344589e-17
0.000000000000000000e+00
-1.842150016393103015e-18
0.000000000000000000e+00
0.000000000000000000e+00
2.505140065690372798e-17
2.305170146827032307e-17
0.000000000000000000e+00
-3.435285090726115995e-17
1.766995988074776545e-18
0.000000000000000000e+00
1.129352825231184597e-17
2.786371973303848122e-17
0.000000000000000000e+00
0.000000000000000000e+00
0.000000000000000000e+00
0.000000000000000000e+00
0.000000000000000000e+00
0.000000000000000000e+00
0.000000000000000000e+00
0.000000000000000000e+00
0.000000000000000000e+00
0.000000000000000000e+00
4.733023562215884736e-17
-2.993117869723443279e-18
1.040741087061028842e-17
1.891580500833722879e-17
4.208083929444469734e-05
-3.629688886155285789e-18
1.724872380588542088e-05
5.421033064313084570e-17
1.939686108119165763e-17
2.246530131851097951e-18
-3.309309665119025396e-18
6.683084971316188827e-05
-1.009442522540212682e-16
-2.371169183700041192e-04
4.096196904987189067e-17
9.404074216251333080e-18
9.471157897920256513e-06
0.000000000000000000e+00
1.475737829138614994e-04
2.892789343945183254e-17
-4.027975659248666471e-05
-4.722337129520319011e-04
6.898730571203767851e-17
3.102439875590146283e-18
4.959271045448499876e-05
1.051503879022909186e-17
1.440985357297721674e-17
3.659656806532635894e-17
-1.550064151779909311e-04
4.242516091737829290e-17
-9.353910321667559019e-05
2.784769524032340723e-05
-1.131560702401754178e-17
0.000000000000000000e+00
4.954152328289216329e-18
-1.419696547718520083e-04
-1.030453088161185751e-05
7.905640085553625883e-17
0.000000000000000000e+00
-8.135264719727043400e-17
1.559699266790568102e-04
0.000000000000000000e+00
-2.823004447325026197e-17
6.581710968842952995e-17
0.000000000000000000e+00
-1.308841173662755663e-18
3.793274957412472967e-05
-5.806911902996378771e-17
-1.544388322536982230e-05
1.728634546071394920e-17
0.000000000000000000e+00
-3.831054172657344928e-17
-7.257895379297745427e-17
0.000000000000000000e+00
0.000000000000000000e+00
8.463088901585106931e-05
0.000000000000000000e+00
-1.409843901439995927e-17
0.000000000000000000e+00
0.000000000000000000e+00
-4.027975659233777665e-05
0.000000000000000000e+00
0.000000000000000000e+00
