-9.754244423711309064e-01
0.000000000000000000e+00
0.000000000000000000e+00
-2.059639249248977969e-02
0.000000000000000000e+00
0.000000000000000000e+00
0.000000000000000000e+00
-2.667849169401642802e-03
0.000000000000000000e+00
1.650334255065686456e-02
-3.299910686110314045e-03
0.000000000000000000e+00
0.000000000000000000e+00
0.000000000000000000e+00
9.507158406620197511e-03
-4.571590800339970129e-05
0.000000000000000000e+00
0.000000000000000000e+00
0.000000000000000000e+00
3.679434558426643667e-04
0.000000000000000000e+00
0.000000000000000000e+00
2.697532012898970835e-02
0.000000000000000000e+00
0.000000000000000000e+00
0.000000000000000000e+00
0.000000000000000000e+00
0.000000000000000000e+00
0.000000000000000000e+00
-3.098724185542656509e-03
0.000000000000000000e+00
0.000000000000000000e+00
0.000000000000000000e+00
0.000000000000000000e+00
0.000000000000000000e+00
0.000000000000000000e+00
0.000000000000000000e+00
0.000000000000000000e+00
0.000000000000000000e+00
0.000000000000000000e+00
0.000000000000000000e+00
0.000000000000000000e+00
0.000000000000000000e+00
0.000000000000000000e+00
1.189984880966814262e-02
0.000000000000000000e+00
0.000000000000000000e+00
2.260661375113807005e-04
0.000000000000000000e+00
0.000000000000000000e+00
0.000000000000000000e+00
0.000000000000000000e+00
0.000000000000000000e+00
0.000000000000000000e+00
-2.817396918166623684e-04
0.000000000000000000e+00
0.000000000000000000e+00
0.000000000000000000e+00
0.000000000000000000e+00
0.000000000000000000e+00
0.000000000000000000e+00
0.000000000000000000e+00
0.000000000000000000e+00
-2.059639249252822116e-02
0.000000000000000000e+00
0.000000000000000000e+00
7.846540432106330343e-02
0.000000000000000000e+00
0.000000000000000000e+00
0.000000000000000000e+00
7.112201956967421912e-02
0.000000000000000000e+00
-1.122758580915258781e-03
-3.820550758000988700e-02
0.000000000000000000e+00
0.000000000000000000e+00
0.000000000000000000e+00
-9.543162263133164779e-04
1.110218126230920330e-04
0.000000000000000000e+00
0.000000000000000000e+00
0.000000000000000000e+00
0.000000000000000000e+00
0.000000000000000000e+00
0.000000000000000000e+00
0.000000000000000000e+00
0.000000000000000000e+00
0.000000000000000000e+00
5.366189944678938228e-02
0.000000000000000000e+00
5.461841306223246678e-02
0.000000000000000000e+00
0.000000000000000000e+00
0.000000000000000000e+00
0.000000000000000000e+00
3.487048074401527444e-03
0.000000000000000000e+00
-2.246682479958124305e-03
0.000000000000000000e+00
0.000000000000000000e+00
-3.910995486653466124e-04
0.000000000000000000e+00
0.000000000000000000e+00
0.000000000000000000e+00
-3.193459958929698424e-05
0.000000000000000000e+00
0.000000000000000000e+00
2.260661375152077715e-04
0.000000000000000000e+00
0.000000000000000000e+00
-2.225388511815465896e-03
0.000000000000000000e+00
0.000000000000000000e+00
0.000000000000000000e+00
0.000000000000000000e+00
0.000000000000000000e+00
0.000000000000000000e+00
4.971674598876918037e-04
0.000000000000000000e+00
0.000000000000000000e+00
0.000000000000000000e+00
0.000000000000000000e+00
0.000000000000000000e+00
0.000000000000000000e+00
0.000000000000000000e+00
0.000000000000000000e+00
0.000000000000000000e+00
0.000000000000000000e+00
0.000000000000000000e+00
0.000000000000000000e+00
5.461841306224002324e-02
0.000000000000000000e+00
5.791196968362923025e-02
0.000000000000000000e+00
0.000000000000000000e+00
0.000000000000000000e+00
0.000000000000000000e+00
-2.173698703486753522e-02
0.000000000000000000e+00
-2.688732319523877835e-04
0.000000000000000000e+00
0.000000000000000000e+00
2.175946456143411671e-04
0.000000000000000000e+00
0.000000000000000000e+00
0.000000000000000000e+00
0.000000000000000000e+00
-2.667849169405993055e-03
0.000000000000000000e+00
0.000000000000000000e+00
7.112201956964123162e-02
0.000000000000000000e+00
0.000000000000000000e+00
0.000000000000000000e+00
9.875933837047692898e-02
0.000000000000000000e+00
3.550621883655775187e-03
-3.124405822963055579e-02
0.000000000000000000e+00
0.000000000000000000e+00
0.000000000000000000e+00
5.301137042893655271e-05
-1.502835535290475465e-04
0.000000000000000000e+00
0.000000000000000000e+00
0.000000000000000000e+00
3.620148077410998436e-05
0.000000000000000000e+00
0.000000000000000000e+00
-3.098724185550189546e-03
0.000000000000000000e+00
0.000000000000000000e+00
0.000000000000000000e+00
0.000000000000000000e+00
0.000000000000000000e+00
0.000000000000000000e+00
-3.066674267679529720e-03
0.000000000000000000e+00
0.000000000000000000e+00
0.000000000000000000e+00
0.000000000000000000e+00
0.000000000000000000e+00
0.000000000000000000e+00
0.000000000000000000e+00
0.000000000000000000e+00
0.000000000000000000e+00
0.000000000000000000e+00
0.000000000000000000e+00
0.000000000000000000e+00
1.650334255066692596e-02
0.000000000000000000e+00
0.000000000000000000e+00
-1.122758580914398358e-03
0.000000000000000000e+00
0.000000000000000000e+00
0.000000000000000000e+00
3.550621883652186478e-03
0.000000000000000000e+00
-2.076123914423765732e-02
6.855027286878166270e-04
0.000000000000000000e+00
0.000000000000000000e+00
0.000000000000000000e+00
-7.892103248602967344e-03
0.000000000000000000e+00
0.000000000000000000e+00
0.000000000000000000e+00
0.000000000000000000e+00
-2.041521901065717129e-05
0.000000000000000000e+00
-3.299910686122765023e-03
0.000000000000000000e+00
0.000000000000000000e+00
-3.820550758000874902e-02
0.000000000000000000e+00
0.000000000000000000e+00
0.000000000000000000e+00
-3.124405822962518509e-02
0.000000000000000000e+00
6.855027286894534470e-04
3.093421734755592845e-02
0.000000000000000000e+00
0.000000000000000000e+00
0.000000000000000000e+00
7.390799002566542065e-05
-3.694091578893412631e-04
0.000000000000000000e+00
0.000000000000000000e+00
0.000000000000000000e+00
0.000000000000000000e+00
0.000000000000000000e+00
0.000000000000000000e+00
0.000000000000000000e+00
0.000000000000000000e+00
0.000000000000000000e+00
3.487048074407234251e-03
0.000000000000000000e+00
-2.173698703486615785e-02
0.000000000000000000e+00
0.000000000000000000e+00
0.000000000000000000e+00
0.000000000000000000e+00
1.885533014446834355e-02
0.000000000000000000e+00
-1.443320120202528810e-03
0.000000000000000000e+00
0.000000000000000000e+00
-7.237981050783272221e-04
0.000000000000000000e+00
0.000000000000000000e+00
0.000000000000000000e+00
0.000000000000000000e+00
0.000000000000000000e+00
0.000000000000000000e+00
-2.817396918166178077e-04
0.000000000000000000e+00
0.000000000000000000e+00
4.971674598839631240e-04
0.000000000000000000e+00
0.000000000000000000e+00
0.000000000000000000e+00
0.000000000000000000e+00
0.000000000000000000e+00
0.000000000000000000e+00
-8.187045905373704826e-04
0.000000000000000000e+00
0.000000000000000000e+00
0.000000000000000000e+00
0.000000000000000000e+00
2.011545299888352472e-05
0.000000000000000000e+00
0.000000000000000000e+00
0.000000000000000000e+00
0.000000000000000000e+00
0.000000000000000000e+00
0.000000000000000000e+00
0.000000000000000000e+00
-2.246682479958779163e-03
0.000000000000000000e+00
-2.688732319520787317e-04
0.000000000000000000e+00
0.000000000000000000e+00
0.000000000000000000e+00
0.000000000000000000e+00
-1.443320120198969157e-03
0.000000000000000000e+00
-3.153775520683552418e-03
0.000000000000000000e+00
0.000000000000000000e+00
0.000000000000000000e+00
0.000000000000000000e+00
9.405585201531608077e-05
0.000000000000000000e+00
-3.450000854026044324e-05
9.507158406622062338e-03
0.000000000000000000e+00
0.000000000000000000e+00
-9.543162263169456278e-04
0.000000000000000000e+00
0.000000000000000000e+00
0.000000000000000000e+00
5.301137042673536480e-05
0.000000000000000000e+00
-7.892103248607550484e-03
7.390799002388154216e-05
0.000000000000000000e+00
0.000000000000000000e+00
0.000000000000000000e+00
-6.312811465181662057e-03
0.000000000000000000e+00
0.000000000000000000e+00
0.000000000000000000e+00
0.000000000000000000e+00
7.281952485967494988e-05
0.000000000000000000e+00
-4.571590800342486156e-05
0.000000000000000000e+00
0.000000000000000000e+00
1.110218126229939398e-04
0.000000000000000000e+00
0.000000000000000000e+00
0.000000000000000000e+00
-1.502835535289462278e-04
0.000000000000000000e+00
0.000000000000000000e+00
-3.694091578893710787e-04
0.000000000000000000e+00
0.000000000000000000e+00
0.000000000000000000e+00
0.000000000000000000e+00
5.409060231274388352e-04
0.000000000000000000e+00
0.000000000000000000e+00
0.000000000000000000e+00
0.000000000000000000e+00
0.000000000000000000e+00
0.000000000000000000e+00
0.000000000000000000e+00
0.000000000000000000e+00
0.000000000000000000e+00
-3.910995486651783442e-04
0.000000000000000000e+00
2.175946456143664832e-04
0.000000000000000000e+00
0.000000000000000000e+00
0.000000000000000000e+00
0.000000000000000000e+00
-7.237981050782254155e-04
0.000000000000000000e+00
0.000000000000000000e+00
0.000000000000000000e+00
0.000000000000000000e+00
3.638338291100271459e-04
0.000000000000000000e+00
0.000000000000000000e+00
0.000000000000000000e+00
0.000000000000000000e+00
0.000000000000000000e+00
0.000000000000000000e+00
0.000000000000000000e+00
0.000000000000000000e+00
0.000000000000000000e+00
0.000000000000000000e+00
0.000000000000000000e+00
0.000000000000000000e+00
0.000000000000000000e+00
0.000000000000000000e+00
0.000000000000000000e+00
0.000000000000000000e+00
2.011545299896851262e-05
0.000000000000000000e+00
0.000000000000000000e+00
0.000000000000000000e+00
0.000000000000000000e+00
0.000000000000000000e+00
0.000000000000000000e+00
0.000000000000000000e+00
0.000000000000000000e+00
0.000000000000000000e+00
0.000000000000000000e+00
0.000000000000000000e+00
0.000000000000000000e+00
0.000000000000000000e+00
0.000000000000000000e+00
0.000000000000000000e+00
0.000000000000000000e+00
0.000000000000000000e+00
0.000000000000000000e+00
0.000000000000000000e+00
0.000000000000000000e+00
0.000000000000000000e+00
9.405585201519376921e-05
0.000000000000000000e+00
0.000000000000000000e+00
0.000000000000000000e+00
0.000000000000000000e+00
-5.569213796303182189e-05
0.000000000000000000e+00
0.000000000000000000e+00
3.679434558426031635e-04
0.000000000000000000e+00
0.000000000000000000e+00
0.000000000000000000e+00
0.000000000000000000e+00
0.000000000000000000e+00
0.000000000000000000e+00
3.620148077382197283e-05
0.000000000000000000e+00
-2.041521901083848716e-05
0.000000000000000000e+00
0.000000000000000000e+00
0.000000000000000000e+00
0.000000000000000000e+00
7.281952485966619495e-05
0.000000000000000000e+00
0.000000000000000000e+00
0.000000000000000000e+00
0.000000000000000000e+00
-7.713134753855391539e-05
0.000000000000000000e+00
0.000000000000000000e+00
0.000000000000000000e+00
0.000000000000000000e+00
0.000000000000000000e+00
-3.193459958965569253e-05
0.000000000000000000e+00
0.000000000000000000e+00
0.000000000000000000e+00
0.000000000000000000e+00
0.000000000000000000e+00
0.000000000000000000e+00
0.000000000000000000e+00
0.000000000000000000e+00
-3.450000854075301661e-05
0.000000000000000000e+00
0.000000000000000000e+00
0.000000000000000000e+00
0.000000000000000000e+00
0.000000000000000000e+00
0.000000000000000000e+00
-2.139007223098379472e-05
