-9.769908561295976845e-01
-5.655171294791921086e-14
3.262134317494305321e-14
-1.975686099287066524e-02
-2.776505648809344292e-14
1.040142079480326516e-14
2.463485458899912159e-14
-2.437017862707217385e-03
2.584552028339558028e-15
1.612465921234239319e-02
-2.903895395747265341e-03
-1.202987662403514853e-14
-4.305611525320574028e-15
3.213781819048317020e-16
9.203601106157737605e-03
-4.269347776824537554e-05
1.723871636449619819e-16
-7.869791251247518985e-17
-3.967982155949327486e-17
3.727691102079530691e-04
7.753421408524798028e-17
-8.132173191505952649e-14
2.516868960560547652e-02
-1.584085675396163165e-14
6.937725271539780846e-15
1.883717475980294008e-15
0.000000000000000000e+00
1.170291639668279918e-14
2.663557347044799490e-14
0.000000000000000000e+00
0.000000000000000000e+00
-5.410424660196345916e-15
1.969487160090457595e-15
0.000000000000000000e+00
0.000000000000000000e+00
0.000000000000000000e+00
-1.063130945317245426e-16
3.039218624931161421e-17
0.000000000000000000e+00
0.000000000000000000e+00
0.000000000000000000e+00
0.000000000000000000e+00
-2.867929802828627776e-14
6.228136873588955071e-15
1.200987972854597116e-02
8.776172232265486613e-15
1.050056218799463431e-14
0.000000000000000000e+00
6.488996796636968534e-15
4.709823386789548774e-16
0.000000000000000000e+00
0.000000000000000000e+00
-6.534338878951086166e-16
-1.588299755815156240e-15
0.000000000000000000e+00
0.000000000000000000e+00
0.000000000000000000e+00
-8.793328872676658499e-17
6.829757195261453434e-17
0.000000000000000000e+00
0.000000000000000000e+00
0.000000000000000000e+00
0.000000000000000000e+00
-1.975686099289085396e-02
8.732053714314976546e-15
-4.497787228248774317e-15
7.553204451445218182e-02
5.805048573263782022e-15
0.000000000000000000e+00
4.531484468072414443e-15
6.938141829847731257e-02
0.000000000000000000e+00
0.000000000000000000e+00
-3.728676690235965124e-02
3.028372347759231046e-15
0.000000000000000000e+00
0.000000000000000000e+00
0.000000000000000000e+00
1.053798677118172156e-04
-3.722161493058859385e-17
0.000000000000000000e+00
0.000000000000000000e+00
0.000000000000000000e+00
0.000000000000000000e+00
-2.074611348659509405e-14
-7.461784145853429739e-16
2.796005572620933814e-15
7.945965777566185025e-15
5.257531007632403053e-02
0.000000000000000000e+00
5.325675908610342374e-02
5.531682764474174787e-15
0.000000000000000000e+00
0.000000000000000000e+00
2.087472746189192309e-15
3.509578531258203404e-03
0.000000000000000000e+00
0.000000000000000000e+00
0.000000000000000000e+00
-2.141296722581049805e-17
-3.982226253564039725e-04
0.000000000000000000e+00
0.000000000000000000e+00
0.000000000000000000e+00
0.000000000000000000e+00
-7.748564599624950076e-15
0.000000000000000000e+00
0.000000000000000000e+00
0.000000000000000000e+00
0.000000000000000000e+00
0.000000000000000000e+00
0.000000000000000000e+00
0.000000000000000000e+00
0.000000000000000000e+00
0.000000000000000000e+00
0.000000000000000000e+00
0.000000000000000000e+00
0.000000000000000000e+00
0.000000000000000000e+00
0.000000000000000000e+00
0.000000000000000000e+00
0.000000000000000000e+00
0.000000000000000000e+00
0.000000000000000000e+00
0.000000000000000000e+00
0.000000000000000000e+00
1.017427027960080671e-14
-9.351745820284216052e-15
-1.132907047771873064e-15
-7.515309534845006505e-15
5.325675908611813419e-02
0.000000000000000000e+00
5.641163786458340546e-02
-3.659930682733896241e-15
0.000000000000000000e+00
0.000000000000000000e+00
-3.844849227071840113e-15
-2.146383293631937486e-02
0.000000000000000000e+00
0.000000000000000000e+00
0.000000000000000000e+00
-7.270119928117675085e-17
2.173532015562777621e-04
0.000000000000000000e+00
0.000000000000000000e+00
0.000000000000000000e+00
0.000000000000000000e+00
-2.437017862749964875e-03
1.761946925472963219e-14
5.846642812693254127e-15
6.938141829847441211e-02
1.047470829642329014e-14
0.000000000000000000e+00
-7.542551246820068592e-15
9.668640610503258237e-02
0.000000000000000000e+00
0.000000000000000000e+00
-3.066743404247786881e-02
3.176658998669642895e-15
0.000000000000000000e+00
0.000000000000000000e+00
0.000000000000000000e+00
-1.554159086516539753e-04
-1.350575215306259737e-16
0.000000000000000000e+00
0.000000000000000000e+00
0.000000000000000000e+00
0.000000000000000000e+00
5.059390689253970527e-15
0.000000000000000000e+00
0.000000000000000000e+00
0.000000000000000000e+00
0.000000000000000000e+00
0.000000000000000000e+00
0.000000000000000000e+00
0.000000000000000000e+00
0.000000000000000000e+00
0.000000000000000000e+00
0.000000000000000000e+00
0.000000000000000000e+00
0.000000000000000000e+00
0.000000000000000000e+00
0.000000000000000000e+00
0.000000000000000000e+00
0.000000000000000000e+00
0.000000000000000000e+00
0.000000000000000000e+00
0.000000000000000000e+00
0.000000000000000000e+00
1.612465921234509589e-02
0.000000000000000000e+00
0.000000000000000000e+00
0.000000000000000000e+00
0.000000000000000000e+00
0.000000000000000000e+00
0.000000000000000000e+00
0.000000000000000000e+00
0.000000000000000000e+00
0.000000000000000000e+00
0.000000000000000000e+00
0.000000000000000000e+00
0.000000000000000000e+00
0.000000000000000000e+00
0.000000000000000000e+00
0.000000000000000000e+00
0.000000000000000000e+00
0.000000000000000000e+00
0.000000000000000000e+00
0.000000000000000000e+00
0.000000000000000000e+00
-2.903895395744882264e-03
-2.586796936596003570e-15
2.910634274207477346e-15
-3.728676690236336355e-02
3.440561376813924701e-15
0.000000000000000000e+00
-4.100218722399608800e-15
-3.066743404247669613e-02
0.000000000000000000e+00
0.000000000000000000e+00
3.094696441491131753e-02
8.480625247172863110e-16
0.000000000000000000e+00
0.000000000000000000e+00
0.000000000000000000e+00
-3.725423209054329354e-04
8.041260408242316211e-18
0.000000000000000000e+00
0.000000000000000000e+00
0.000000000000000000e+00
0.000000000000000000e+00
1.437483385185904560e-15
4.650889883522657139e-16
-1.033810095173654379e-16
-7.758610942453817218e-16
3.509578531259436793e-03
0.000000000000000000e+00
-2.146383293631739034e-02
1.186920194171875053e-15
0.000000000000000000e+00
0.000000000000000000e+00
1.585467630173476959e-15
1.856230237042962375e-02
0.000000000000000000e+00
0.000000000000000000e+00
0.000000000000000000e+00
-1.036040606351213746e-16
-7.279853363640359119e-04
0.000000000000000000e+00
0.000000000000000000e+00
0.000000000000000000e+00
0.000000000000000000e+00
8.773921922130991222e-16
0.000000000000000000e+00
0.000000000000000000e+00
0.000000000000000000e+00
0.000000000000000000e+00
0.000000000000000000e+00
0.000000000000000000e+00
0.000000000000000000e+00
0.000000000000000000e+00
0.000000000000000000e+00
0.000000000000000000e+00
0.000000000000000000e+00
0.000000000000000000e+00
0.000000000000000000e+00
0.000000000000000000e+00
0.000000000000000000e+00
0.000000000000000000e+00
0.000000000000000000e+00
0.000000000000000000e+00
0.000000000000000000e+00
0.000000000000000000e+00
4.270701133424888874e-15
0.000000000000000000e+00
0.000000000000000000e+00
0.000000000000000000e+00
0.000000000000000000e+00
0.000000000000000000e+00
0.000000000000000000e+00
0.000000000000000000e+00
0.000000000000000000e+00
0.000000000000000000e+00
0.000000000000000000e+00
0.000000000000000000e+00
0.000000000000000000e+00
0.000000000000000000e+00
0.000000000000000000e+00
0.000000000000000000e+00
0.000000000000000000e+00
0.000000000000000000e+00
0.000000000000000000e+00
0.000000000000000000e+00
0.000000000000000000e+00
9.203601106159954581e-03
0.000000000000000000e+00
0.000000000000000000e+00
0.000000000000000000e+00
0.000000000000000000e+00
0.000000000000000000e+00
0.000000000000000000e+00
0.000000000000000000e+00
0.000000000000000000e+00
0.000000000000000000e+00
0.000000000000000000e+00
0.000000000000000000e+00
0.000000000000000000e+00
0.000000000000000000e+00
0.000000000000000000e+00
0.000000000000000000e+00
0.000000000000000000e+00
0.000000000000000000e+00
0.000000000000000000e+00
0.000000000000000000e+00
0.000000000000000000e+00
-4.269347776703143503e-05
1.342772740208416681e-16
6.844979539561680860e-17
1.053798677117172522e-04
3.616983933260710391e-17
0.000000000000000000e+00
-4.949700635136186535e-17
-1.554159086520119247e-04
0.000000000000000000e+00
0.000000000000000000e+00
-3.725423209051014948e-04
-1.040830349112428589e-16
0.000000000000000000e+00
0.000000000000000000e+00
0.000000000000000000e+00
5.443066232009986620e-04
4.791220073008299929e-17
0.000000000000000000e+00
0.000000000000000000e+00
0.000000000000000000e+00
0.000000000000000000e+00
8.205549015769290763e-17
-7.676507353954127824e-18
-9.317887172192935449e-17
-2.792517112055499330e-17
-3.982226253565541345e-04
0.000000000000000000e+00
2.173532015560593496e-04
-1.406709788716831479e-17
0.000000000000000000e+00
0.000000000000000000e+00
1.870854949945543172e-16
-7.279853363641649320e-04
0.000000000000000000e+00
0.000000000000000000e+00
0.000000000000000000e+00
-4.036886296687592987e-17
3.657331923793595975e-04
0.000000000000000000e+00
0.000000000000000000e+00
0.000000000000000000e+00
0.000000000000000000e+00
1.092898622024644050e-16
0.000000000000000000e+00
0.000000000000000000e+00
0.000000000000000000e+00
0.000000000000000000e+00
0.000000000000000000e+00
0.000000000000000000e+00
0.000000000000000000e+00
0.000000000000000000e+00
0.000000000000000000e+00
0.000000000000000000e+00
0.000000000000000000e+00
0.000000000000000000e+00
0.000000000000000000e+00
0.000000000000000000e+00
0.000000000000000000e+00
0.000000000000000000e+00
0.000000000000000000e+00
0.000000000000000000e+00
0.000000000000000000e+00
0.000000000000000000e+00
-7.169770568107991758e-18
0.000000000000000000e+00
0.000000000000000000e+00
0.000000000000000000e+00
0.000000000000000000e+00
0.000000000000000000e+00
0.000000000000000000e+00
0.000000000000000000e+00
0.000000000000000000e+00
0.000000000000000000e+00
0.000000000000000000e+00
0.000000000000000000e+00
0.000000000000000000e+00
0.000000000000000000e+00
0.000000000000000000e+00
0.000000000000000000e+00
0.000000000000000000e+00
0.000000000000000000e+00
0.000000000000000000e+00
0.000000000000000000e+00
0.000000000000000000e+00
3.727691102081647596e-04
0.000000000000000000e+00
0.000000000000000000e+00
0.000000000000000000e+00
0.000000000000000000e+00
0.000000000000000000e+00
0.000000000000000000e+00
0.000000000000000000e+00
0.000000000000000000e+00
0.000000000000000000e+00
0.000000000000000000e+00
0.000000000000000000e+00
0.000000000000000000e+00
0.000000000000000000e+00
0.000000000000000000e+00
0.000000000000000000e+00
0.000000000000000000e+00
0.000000000000000000e+00
0.000000000000000000e+00
0.000000000000000000e+00
0.000000000000000000e+00
5.625170144270501645e-17
0.000000000000000000e+00
0.000000000000000000e+00
0.000000000000000000e+00
0.000000000000000000e+00
0.000000000000000000e+00
0.000000000000000000e+00
0.000000000000000000e+00
0.000000000000000000e+00
0.000000000000000000e+00
0.000000000000000000e+00
0.000000000000000000e+00
0.000000000000000000e+00
0.000000000000000000e+00
0.000000000000000000e+00
0.000000000000000000e+00
0.000000000000000000e+00
0.000000000000000000e+00
0.000000000000000000e+00
0.000000000000000000e+00
0.000000000000000000e+00
