-9.754244312207441814e-01
1.095192471634935682e-13
7.043460123119630687e-14
-2.059579606982378519e-02
9.441528899545836613e-15
-1.587657784518675268e-14
3.281364266248501123e-14
-2.667526589958826942e-03
-2.892490790351291245e-16
1.650361724753869261e-02
-3.300423666249713197e-03
3.978883560968153043e-15
3.616163706294019126e-15
6.911597213811549732e-15
9.507712029780287372e-03
-4.589772484789002771e-05
1.153059758308269782e-16
5.129730186857082540e-18
-1.037383618444098571e-16
3.682537776472540720e-04
-1.797655836990124849e-16
-1.873048980654345947e-13
2.697571980019134591e-02
1.627538075288664526e-14
6.470018379668144817e-15
1.511248555115565635e-14
1.120283122369968865e-15
-1.066462789536314136e-15
2.898595710798031599e-14
-3.098406859318221344e-03
7.238516304635969688e-15
-5.844056292983497606e-15
8.171922629110650040e-15
-2.965921240708031906e-15
2.536181974355968992e-15
2.140834631691338760e-15
-1.969001529875391894e-16
-1.317453664312287058e-16
1.070494374380990455e-16
-5.438246968149077287e-17
1.339398217259375294e-16
-2.097103241330575873e-17
-4.092651276558096883e-14
7.072571402292251715e-15
1.189993625520074060e-02
1.660699523101407866e-14
1.224083444748075036e-14
2.256963360667394618e-04
1.469576055542780902e-15
1.085203567411212632e-15
-3.758606733318060540e-15
-4.334493779938367937e-15
-2.472210091572873054e-15
-3.133094047242124779e-15
-2.811564544411608254e-04
1.343180929152927960e-16
-1.573477513316166276e-15
1.327625989625594951e-16
-1.322107895528949267e-16
4.840111378713690503e-06
-7.133460581702706220e-17
-4.344413626246448092e-17
3.673428137701223927e-17
-2.059579606982566563e-02
-1.926036937344714500e-14
-2.429748269957085972e-14
7.846504739993859223e-02
-7.176381161152344994e-15
4.407910933453966042e-15
-3.612989473825571159e-15
7.112205889993247765e-02
-3.243171402118511940e-15
-1.122606471880770087e-03
-3.820571850959336019e-02
-5.333715079588528889e-15
-4.082134063363440199e-15
4.489633107309926310e-16
-9.546318607392507635e-04
1.109933521227662065e-04
-1.491772594099213347e-16
5.705395233823570300e-17
2.982566042338333745e-17
-3.722085067123027352e-06
-1.558741128929300016e-17
4.192237148992924253e-14
1.346537346328416353e-14
-2.009176845710960710e-15
-1.071813818566994702e-14
5.366179151348771798e-02
-8.043019511608131192e-15
5.461844165241045573e-02
-1.089944293738820670e-14
-5.445890010912270922e-15
-2.075295158773756055e-15
-1.719274151095487266e-15
3.487545700063533066e-03
-3.353577414189430853e-15
-2.246204489703536311e-03
-2.361747964772133327e-15
4.611290961419549982e-17
-3.910055619607067973e-04
1.392787328095331420e-17
-1.131941498732471415e-05
-5.892808913193705494e-17
-3.157514036211248509e-05
-1.970638106474663953e-14
-5.966192848477073554e-15
2.256963360666608572e-04
-7.623870454036953417e-17
1.059598504109575042e-14
-2.225110850036525739e-03
4.315017663566470210e-15
1.231847630265605840e-15
1.794219868873965960e-15
7.886342179886752583e-16
1.780222409131917269e-15
2.451317845383308062e-15
4.971435017516030687e-04
-1.140590083132027120e-15
-6.901318427138714308e-16
9.567639783136624101e-17
-1.079435850353011608e-16
8.267579628552646276e-06
-5.052017977805718674e-17
3.798088145954578609e-17
-3.784892600726900054e-17
-5.536748190662655210e-15
1.225590835379437313e-14
8.362737802557235690e-15
-4.509819631294223002e-15
5.461844165240612586e-02
-4.806063368289125595e-15
5.791196656262508069e-02
-5.688202527540409748e-15
3.681200484812477363e-15
6.349503054846466146e-15
3.159283157025566190e-15
-2.173679449751086956e-02
-1.527166947978289602e-15
-2.692294481098280053e-04
1.369417480887419742e-15
-1.050437280438959247e-16
2.177757685791175530e-04
-1.144884639695063580e-16
-6.308729315288380820e-06
-1.228973805616030834e-16
1.493019559943535167e-05
-2.667526589969423500e-03
-8.256590931677800802e-15
-8.854793563865426139e-15
7.112205889992327668e-02
-4.338800247033812070e-16
1.038025349090097457e-14
-1.187363582484935691e-15
9.875926569062097593e-02
-1.702121351044569113e-14
3.550706096958145767e-03
-3.124450652728725034e-02
-1.455316955013374452e-15
4.085814915433688930e-16
-3.500308462279592022e-15
5.305902164815288975e-05
-1.504780090681246199e-04
4.057371216337923677e-17
-9.346680250253419306e-17
7.651837284319754510e-18
3.624824163768179696e-05
2.847019107556795152e-17
7.823262732224262292e-15
-3.098406859315059377e-03
-2.836725083239899016e-15
1.467964291391475371e-14
1.079517148632489266e-15
3.168458989601489954e-15
9.812289669120207099e-16
2.096875438346858806e-14
-3.066627658068774107e-03
-4.452034075068561422e-15
-7.292339440038541956e-15
-1.932600210157827252e-15
-7.906501068424570417e-16
-3.358008251378010066e-15
-2.255762866950265784e-15
2.484580193498347676e-17
9.635223275300058043e-17
-8.940491210103433552e-17
2.973892927215133025e-18
-6.557726509179651123e-18
-3.157601099457630219e-17
1.650361724754075693e-02
3.402378556441737320e-15
1.412337907819708336e-15
-1.122606471884777515e-03
-1.807955035250429420e-15
-3.160208306447954625e-15
2.543343009936063097e-15
3.550706096946994964e-03
6.380865483135825353e-16
-2.076121924204784447e-02
6.854024126295090065e-04
-2.632499877348005932e-16
-6.987226430718978868e-16
5.530692433734817880e-16
-7.892034556683755545e-03
-2.586644248135808959e-06
9.704015695223401015e-17
-3.011450370451399091e-17
1.946077939448735531e-17
-2.031382087609994664e-05
-6.245548986676243511e-17
-3.300423666250445684e-03
-3.127171904051386816e-15
4.983271720138029263e-15
-3.820571850958860011e-02
-3.995040734403777543e-15
-2.831122792215081616e-15
-3.122974091842695449e-15
-3.124450652729466107e-02
7.776437079749909336e-15
6.854024126262223560e-04
3.093432409329349708e-02
1.063038803805353021e-15
1.542375527686852794e-15
-3.953106034986671880e-16
7.370975821209683522e-05
-3.693459954858887987e-04
7.318770764941749636e-17
-9.862540210532173892e-18
-3.959053871603605105e-17
7.616546238416839377e-06
-2.915786209633965766e-17
6.652845224997561722e-15
-6.571805781199677340e-15
1.835003661747183500e-15
3.858382791625697653e-15
3.487545700066478193e-03
2.139571821408492848e-15
-2.173679449751536596e-02
-4.756105478414387918e-15
-2.817336185329200372e-15
-2.701133211957567494e-16
-2.754283297288201553e-15
1.885500464637401147e-02
8.365950982267609083e-16
-1.442912266828864313e-03
-8.906577364997418988e-16
-1.779725985081487298e-17
-7.241160144585411526e-04
5.820005788677813557e-17
-1.035459557536719606e-05
4.030707991364552678e-18
-2.401397577826856872e-05
-1.072434856172061990e-15
-2.664367859692895202e-15
-2.811564544351817215e-04
2.413311648083832664e-15
-3.276279576861649948e-15
4.971435017533468994e-04
-1.528163690618074188e-15
2.045812135091621872e-15
3.448988998527375607e-15
-1.061479403578362950e-15
-1.014732698082316147e-15
1.942121196701067977e-15
-8.187539513031281491e-04
-7.582746524383331100e-16
9.882139835268440799e-16
2.808156915218650793e-17
-1.723481450074869495e-16
2.015639140908521523e-05
-4.269588060123974203e-18
-2.023329244859497596e-17
-3.641594096641674347e-17
-3.455094581963967600e-16
2.596977280885963711e-15
-4.522805645113545305e-16
-1.538442587741887567e-15
-2.246204489702294683e-03
-1.736797947809875425e-16
-2.692294481100886475e-04
1.397597856368692665e-15
-1.488021607466508294e-15
4.930602970038380596e-16
1.917926858216371846e-15
-1.442912266827739128e-03
2.631297465384343726e-15
-3.153894713152232115e-03
-1.117402488914182779e-15
3.822179839613214469e-17
2.122054478673792832e-05
-1.129943847633890969e-17
9.414617712698785746e-05
-3.139017160665989428e-17
-3.416694223366025369e-05
9.507712029782431490e-03
-1.102210693411474040e-15
1.190748947723568174e-15
-9.546318607379453841e-04
-1.660667760416483092e-15
2.786401689744600137e-16
1.111227050985944443e-15
5.305902164449593681e-05
1.399184838894270142e-15
-7.892034556684617702e-03
7.370975821209289143e-05
3.594377641051027166e-16
2.779454232274398658e-15
2.313632419383522208e-15
-6.313047737402391335e-03
-7.313649360993051331e-06
6.746263210777398900e-18
2.283094093443795582e-17
2.463803265313482033e-17
7.286507687926608375e-05
-1.478529311441550477e-16
-4.589772484801343024e-05
-3.643387334933357732e-17
1.856907366705228285e-17
1.109933521228682299e-04
5.382839956829170277e-18
-7.641526644403670270e-17
-3.900111712331289765e-17
-1.504780090681093869e-04
1.823607119788823701e-16
-2.586644248235043951e-06
-3.693459954859219753e-04
4.598428270240884889e-17
5.939904636606879092e-17
4.437604703097924452e-17
-7.313649361045231948e-06
5.413307208089770907e-04
1.739803404186914575e-16
2.961431782210452433e-17
-2.657997688074260834e-17
1.901256923019616210e-05
3.054946618093916183e-17
4.399342153539658935e-16
1.281308397615272449e-16
2.117082734912922358e-16
-1.714250617096308504e-16
-3.910055619607303245e-04
6.445384288453640184e-17
2.177757685790925621e-04
-1.158145980528922835e-16
-4.848421305748423048e-18
4.929013304902453769e-17
2.140799898104823765e-16
-7.241160144584973509e-04
1.448991526987984726e-17
2.122054478672379981e-05
1.220671346124225573e-16
9.038049054183311808e-18
3.641630348278848011e-04
-1.877878614743304770e-17
-1.663334172892288074e-05
-1.797444136381289302e-16
5.210996326788449788e-06
9.716806635978219747e-17
-2.740316116306884091e-17
4.840111378687395212e-06
-1.017610561960495025e-16
-1.188659867121612903e-16
8.267579628631488103e-06
2.801182762909245446e-18
-7.175927828398636513e-18
2.875556749478399103e-17
-1.913157039352042756e-17
7.256742245729493796e-17
-1.409368279164897229e-16
2.015639140905835073e-05
-3.694113921713969500e-17
-1.165204432187029811e-16
-2.085232866724358743e-17
1.275226190677213926e-16
-1.480799230951550964e-05
-4.396991194399076099e-17
5.719567940876235825e-18
2.688737265255243891e-17
-9.793839307990901962e-17
-1.097295556986160967e-16
8.040811720705178474e-18
-6.001578051137773341e-17
-1.131941498732026045e-05
-1.987861968107055041e-17
-6.308729315372293833e-06
-6.557551638498349704e-17
-6.713417873110919006e-17
4.492244138029242804e-18
-1.253819287143051482e-17
-1.035459557537017253e-05
-3.519078647341651881e-17
9.414617712703155080e-05
9.160732554166682881e-17
8.118560468829696786e-17
-1.663334172884075920e-05
4.054186294286426787e-18
-5.547796121737488492e-05
1.334763819679842795e-16
1.278089179217106908e-05
3.682537776473180399e-04
-1.366958214724534461e-16
6.462786380851135859e-17
-3.722085067123039634e-06
-4.618851775799522759e-17
-9.527675967938923660e-17
-9.273867119436570481e-17
3.624824163770326417e-05
5.189410630532588824e-17
-2.031382087621246989e-05
7.616546238444921907e-06
3.709365975235145654e-17
-1.519740474744552906e-17
-6.332181999346670274e-18
7.286507687931399193e-05
1.901256923028425691e-05
6.026011590450542016e-17
-3.721824266013688995e-18
-7.327327045826148612e-17
-7.665152487375732654e-05
-3.296460581784480745e-17
3.090308978981542464e-17
-2.858363573154326953e-17
4.321245253342953961e-17
-1.355573021163981779e-17
-3.157514036212107739e-05
-3.911328966246891965e-18
1.493019559946726787e-05
1.828415843411546153e-17
4.833695644866480094e-17
-1.425405700165874432e-16
1.031060140435236985e-17
-2.401397577843434662e-05
2.664061827739285189e-17
-3.416694223363007222e-05
-6.425196423629435294e-17
1.093882072051099673e-17
5.210996326823626220e-06
1.673237618787054161e-17
1.278089179219428795e-05
2.390908753962331701e-18
-2.115606926738889166e-05
